5 0.29618055555555556 0.4878472222222222 0.23958333333333334 0.38680555555555557
3 0.48020833333333335 0.4545138888888889 0.13958333333333334 0.24513888888888888
1 0.6711805555555556 0.4878472222222222 0.2923611111111111 0.5118055555555555
0 0.23576388888888888 0.503125 0.45625 0.48680555555555555
3 0.6788194444444444 0.5045138888888889 0.38680555555555557 0.3548611111111111
4 0.5072916666666667 0.5253472222222222 0.6298611111111111 0.54375
5 0.47256944444444443 0.6475694444444444 0.4673611111111111 0.3798611111111111
3 0.3975694444444444 0.44479166666666664 0.38680555555555557 0.3548611111111111
4 0.3607638888888889 0.2815972222222222 0.6298611111111111 0.54375
1 0.5475694444444444 0.28506944444444443 0.5465277777777777 0.46458333333333335
2 0.47465277777777776 0.7378472222222222 0.4965277777777778 0.4479166666666667
5 0.4670138888888889 0.509375 0.4673611111111111 0.3798611111111111
