5 0.3642361111111111 0.34756944444444443 0.4423611111111111 0.4423611111111111
3 0.5170138888888889 0.45381944444444444 0.27152777777777776 0.27152777777777776
1 0.6288194444444445 0.6128472222222222 0.56875 0.56875
0 0.3107638888888889 0.315625 0.5340277777777778 0.51875
3 0.6225694444444444 0.6295138888888889 0.4048611111111111 0.4215277777777778
4 0.4864583333333333 0.5232638888888889 0.6326388888888889 0.6770833333333334
5 0.3753472222222222 0.5857638888888889 0.44930555555555557 0.4951388888888889
3 0.46631944444444445 0.3885416666666667 0.4048611111111111 0.4215277777777778
4 0.5559027777777777 0.24791666666666667 0.6326388888888889 0.6763888888888889
1 0.6850694444444444 0.3815972222222222 0.5423611111111111 0.5840277777777778
2 0.3128472222222222 0.6503472222222222 0.5131944444444444 0.5395833333333333
5 0.4690972222222222 0.48368055555555556 0.44930555555555557 0.4951388888888889
