2 0.6267361111111112 0.47256944444444443 0.24513888888888888 0.4534722222222222
3 0.47881944444444446 0.4822916666666667 0.1909722222222222 0.19930555555555557
1 0.2725694444444444 0.5857638888888889 0.40069444444444446 0.4840277777777778
2 0.5427083333333333 0.4371527777777778 0.4479166666666667 0.4965277777777778
3 0.384375 0.5746527777777778 0.22708333333333333 0.3159722222222222
5 0.7003472222222222 0.4357638888888889 0.3798611111111111 0.4673611111111111
5 0.3503472222222222 0.471875 0.3798611111111111 0.4673611111111111
3 0.5538194444444444 0.3975694444444444 0.22708333333333333 0.3159722222222222
4 0.7170138888888888 0.36006944444444444 0.31319444444444444 0.5465277777777777
1 0.7135416666666666 0.5461805555555556 0.46458333333333335 0.5465277777777777
2 0.2607638888888889 0.4739583333333333 0.4479166666666667 0.4965277777777778
5 0.4892361111111111 0.465625 0.3798611111111111 0.4673611111111111
