1 0.3607638888888889 0.6357638888888889 0.4534722222222222 0.4951388888888889
3 0.5211805555555555 0.4934027777777778 0.18263888888888888 0.19652777777777777
2 0.6378472222222222 0.47118055555555555 0.29930555555555555 0.39375
5 0.7149305555555555 0.3579861111111111 0.35347222222222224 0.4173611111111111
2 0.4739583333333333 0.48506944444444444 0.41180555555555554 0.4479166666666667
0 0.2621527777777778 0.6135416666666667 0.5006944444444444 0.6659722222222222
5 0.3572916666666667 0.5496527777777778 0.35347222222222224 0.4173611111111111
3 0.4954861111111111 0.3836805555555556 0.35347222222222224 0.3854166666666667
4 0.6177083333333333 0.26944444444444443 0.5451388888888888 0.6291666666666667
1 0.7086805555555555 0.43368055555555557 0.42986111111111114 0.4895833333333333
2 0.28020833333333334 0.596875 0.41180555555555554 0.4479166666666667
5 0.4739583333333333 0.4753472222222222 0.35347222222222224 0.4173611111111111
