3 0.5399305555555556 0.546875 0.2923611111111111 0.2923611111111111
5 0.6586805555555556 0.38784722222222223 0.4909722222222222 0.4909722222222222
2 0.3607638888888889 0.6482638888888889 0.5423611111111111 0.5423611111111111
0 0.23402777777777778 0.5600694444444444 0.5125 0.5131944444444444
3 0.5836805555555555 0.821875 0.38263888888888886 0.38263888888888886
4 0.39826388888888886 0.703125 0.6076388888888888 0.6076388888888888
5 0.4128472222222222 0.37604166666666666 0.3993055555555556 0.3993055555555556
3 0.609375 0.46631944444444445 0.38263888888888886 0.38263888888888886
4 0.7510416666666667 0.5552083333333333 0.6076388888888888 0.6076388888888888
1 0.6163194444444444 0.6850694444444444 0.4756944444444444 0.4756944444444444
2 0.34756944444444443 0.31354166666666666 0.44513888888888886 0.44513888888888886
5 0.5149305555555556 0.4690972222222222 0.3993055555555556 0.3993055555555556
