2 0.371875 0.5260416666666666 0.24513888888888888 0.4534722222222222
3 0.5197916666666667 0.5163194444444444 0.1909722222222222 0.19930555555555557
1 0.7260416666666667 0.4128472222222222 0.40069444444444446 0.4840277777777778
3 0.6545138888888888 0.4309027777777778 0.22708333333333333 0.3145833333333333
2 0.49201388888888886 0.5010416666666667 0.41180555555555554 0.4479166666666667
0 0.2677083333333333 0.5274305555555555 0.3076388888888889 0.35347222222222224
5 0.6142361111111111 0.596875 0.35347222222222224 0.4173611111111111
3 0.4010416666666667 0.5607638888888888 0.22708333333333333 0.3145833333333333
4 0.24131944444444445 0.5107638888888889 0.31319444444444444 0.5465277777777777
1 0.33784722222222224 0.35104166666666664 0.42986111111111114 0.4895833333333333
2 0.6934027777777778 0.640625 0.41180555555555554 0.4479166666666667
5 0.4913194444444444 0.5336805555555556 0.35347222222222224 0.4173611111111111
