5 0.3142361111111111 0.5239583333333333 0.41875 0.4826388888888889
3 0.45381944444444444 0.40034722222222224 0.2548611111111111 0.29930555555555555
2 0.6586805555555556 0.340625 0.45208333333333334 0.50625
0 0.759375 0.5788194444444444 0.4076388888888889 0.4798611111111111
3 0.5878472222222222 0.178125 0.36319444444444443 0.30069444444444443
4 0.6885416666666667 0.3732638888888889 0.6090277777777777 0.44375
5 0.5128472222222222 0.6489583333333333 0.40625 0.28402777777777777
3 0.38784722222222223 0.47256944444444443 0.36319444444444443 0.30069444444444443
4 0.309375 0.3246527777777778 0.6090277777777777 0.44375
1 0.4913194444444444 0.2795138888888889 0.4701388888888889 0.3548611111111111
2 0.5378472222222223 0.7357638888888889 0.4201388888888889 0.34930555555555554
5 0.4704861111111111 0.5177083333333333 0.40625 0.28402777777777777
