5 0.3038194444444444 0.35520833333333335 0.41041666666666665 0.34652777777777777
3 0.4017361111111111 0.45590277777777777 0.23541666666666666 0.2298611111111111
2 0.42118055555555556 0.6079861111111111 0.45208333333333334 0.3423611111111111
0 0.5753472222222222 0.765625 0.4215277777777778 0.40208333333333335
2 0.4947916666666667 0.5427083333333333 0.5451388888888888 0.5451388888888888
5 0.44548611111111114 0.40381944444444445 0.4895833333333333 0.4895833333333333
5 0.596875 0.384375 0.4895833333333333 0.4895833333333333
3 0.5607638888888888 0.5975694444444445 0.38680555555555557 0.3548611111111111
4 0.5107638888888889 0.7572916666666667 0.6298611111111111 0.54375
1 0.35104166666666664 0.6607638888888889 0.5826388888888889 0.5826388888888889
2 0.640625 0.30520833333333336 0.5451388888888888 0.5451388888888888
5 0.5336805555555556 0.5072916666666667 0.4895833333333333 0.4895833333333333
