5 0.6510416666666666 0.6885416666666667 0.40069444444444446 0.27708333333333335
3 0.5822916666666667 0.5670138888888889 0.21319444444444444 0.20347222222222222
2 0.603125 0.4149305555555556 0.4618055555555556 0.24930555555555556
0 0.4951388888888889 0.22256944444444443 0.35 0.3229166666666667
2 0.5149305555555556 0.45868055555555554 0.44513888888888886 0.44513888888888886
5 0.5260416666666666 0.6059027777777778 0.3993055555555556 0.3993055555555556
5 0.3753472222222222 0.5850694444444444 0.3993055555555556 0.3993055555555556
3 0.465625 0.3885416666666667 0.32569444444444445 0.2798611111111111
4 0.5552083333333333 0.246875 0.5395833333333333 0.41875
1 0.684375 0.3815972222222222 0.4756944444444444 0.4756944444444444
2 0.3128472222222222 0.6503472222222222 0.44513888888888886 0.44513888888888886
5 0.4684027777777778 0.4829861111111111 0.3993055555555556 0.3993055555555556
