5 0.4079861111111111 0.3177083333333333 0.4548611111111111 0.40069444444444446
3 0.528125 0.4600694444444444 0.28125 0.2423611111111111
1 0.5954861111111112 0.6427083333333333 0.5895833333333333 0.5090277777777777
0 0.36493055555555554 0.27326388888888886 0.48680555555555555 0.45625
3 0.5850694444444444 0.6572916666666667 0.3548611111111111 0.38680555555555557
4 0.4809027777777778 0.5190972222222222 0.54375 0.6298611111111111
5 0.3572916666666667 0.5503472222222222 0.3798611111111111 0.4673611111111111
3 0.49618055555555557 0.384375 0.3548611111111111 0.38680555555555557
4 0.6190972222222222 0.2708333333333333 0.54375 0.6291666666666667
1 0.709375 0.434375 0.46458333333333335 0.5465277777777777
2 0.28020833333333334 0.5975694444444445 0.4479166666666667 0.4965277777777778
5 0.4739583333333333 0.47604166666666664 0.3798611111111111 0.4673611111111111
