2 0.47256944444444443 0.371875 0.4534722222222222 0.24513888888888888
3 0.4822916666666667 0.5197916666666667 0.19930555555555557 0.1909722222222222
1 0.5857638888888889 0.7260416666666667 0.4840277777777778 0.40069444444444446
3 0.5684027777777778 0.6545138888888888 0.3145833333333333 0.22708333333333333
2 0.49756944444444445 0.49201388888888886 0.4479166666666667 0.41180555555555554
0 0.47118055555555555 0.2677083333333333 0.35347222222222224 0.3076388888888889
5 0.4017361111111111 0.6142361111111111 0.4173611111111111 0.35347222222222224
3 0.4378472222222222 0.4010416666666667 0.3145833333333333 0.22708333333333333
4 0.4878472222222222 0.24131944444444445 0.5465277777777777 0.31319444444444444
1 0.6475694444444444 0.33784722222222224 0.4895833333333333 0.42986111111111114
2 0.3579861111111111 0.6934027777777778 0.4479166666666667 0.41180555555555554
5 0.46493055555555557 0.4913194444444444 0.4173611111111111 0.35347222222222224
