5 0.5878472222222222 0.27326388888888886 0.3909722222222222 0.3909722222222222
3 0.5163194444444444 0.39340277777777777 0.24097222222222223 0.24097222222222223
2 0.3746527777777778 0.4517361111111111 0.41041666666666665 0.41041666666666665
0 0.26145833333333335 0.6413194444444444 0.4548611111111111 0.46458333333333335
2 0.4565972222222222 0.5065972222222223 0.6076388888888888 0.6076388888888888
5 0.578125 0.42256944444444444 0.5451388888888888 0.5451388888888888
5 0.6357638888888889 0.5635416666666667 0.5451388888888888 0.5451388888888888
3 0.4204861111111111 0.5836805555555555 0.4048611111111111 0.4215277777777778
4 0.25277777777777777 0.5774305555555556 0.6319444444444444 0.6770833333333334
1 0.30486111111111114 0.3975694444444444 0.6486111111111111 0.6493055555555556
2 0.7232638888888889 0.5850694444444444 0.6076388888888888 0.6076388888888888
5 0.5003472222222223 0.534375 0.5451388888888888 0.5451388888888888
