5 0.5711805555555556 0.671875 0.4673611111111111 0.4673611111111111
3 0.4149305555555556 0.5684027777777778 0.28680555555555554 0.28680555555555554
2 0.30520833333333336 0.38645833333333335 0.4965277777777778 0.4965277777777778
0 0.5086805555555556 0.22777777777777777 0.5145833333333333 0.47638888888888886
3 0.16666666666666666 0.49756944444444445 0.3527777777777778 0.3854166666666667
4 0.328125 0.3489583333333333 0.5451388888888888 0.6298611111111111
5 0.640625 0.44756944444444446 0.35347222222222224 0.4173611111111111
3 0.5024305555555556 0.6142361111111111 0.35347222222222224 0.3854166666666667
4 0.3802083333333333 0.728125 0.5451388888888888 0.6298611111111111
1 0.28923611111111114 0.5642361111111112 0.42986111111111114 0.4895833333333333
2 0.7177083333333333 0.4010416666666667 0.41180555555555554 0.4479166666666667
5 0.5239583333333333 0.5225694444444444 0.35347222222222224 0.4173611111111111
