1 0.6746527777777778 0.6121527777777778 0.5534722222222223 0.5534722222222223
3 0.4552083333333333 0.3704861111111111 0.2548611111111111 0.2548611111111111
5 0.3170138888888889 0.265625 0.46458333333333335 0.46458333333333335
3 0.6697916666666667 0.5927083333333333 0.4284722222222222 0.4284722222222222
2 0.5746527777777778 0.4545138888888889 0.58125 0.59375
0 0.43368055555555557 0.27534722222222224 0.4131944444444444 0.41041666666666665
5 0.4017361111111111 0.6142361111111111 0.5145833333333333 0.5381944444444444
3 0.43854166666666666 0.4017361111111111 0.4284722222222222 0.4284722222222222
4 0.4878472222222222 0.24166666666666667 0.6784722222222223 0.6777777777777778
1 0.6475694444444444 0.33784722222222224 0.6173611111111111 0.6395833333333333
2 0.35868055555555556 0.6940972222222223 0.58125 0.59375
5 0.465625 0.49201388888888886 0.5145833333333333 0.5381944444444444
