5 0.25798611111111114 0.47256944444444443 0.34652777777777777 0.41041666666666665
3 0.3927083333333333 0.5100694444444445 0.2298611111111111 0.23541666666666666
2 0.4857638888888889 0.6322916666666667 0.3423611111111111 0.45208333333333334
0 0.6982638888888889 0.6920138888888889 0.4756944444444444 0.4756944444444444
2 0.5170138888888889 0.5385416666666667 0.6298611111111111 0.6298611111111111
5 0.40520833333333334 0.44340277777777776 0.5645833333333333 0.5645833333333333
5 0.5260416666666666 0.35104166666666664 0.5645833333333333 0.5645833333333333
3 0.6017361111111111 0.5538194444444444 0.4284722222222222 0.4284722222222222
4 0.6385416666666667 0.7170138888888888 0.6770833333333334 0.6770833333333334
1 0.4517361111111111 0.7135416666666666 0.6729166666666667 0.6729166666666667
2 0.5246527777777777 0.2611111111111111 0.6298611111111111 0.6291666666666667
5 0.5329861111111112 0.4892361111111111 0.5645833333333333 0.5645833333333333
