5 0.5628472222222223 0.30659722222222224 0.4354166666666667 0.33125
3 0.5475694444444444 0.49201388888888886 0.27291666666666664 0.19791666666666666
1 0.465625 0.6684027777777778 0.5701388888888889 0.41458333333333336
3 0.5538194444444444 0.6857638888888888 0.3840277777777778 0.3840277777777778
2 0.584375 0.5204861111111111 0.5131944444444444 0.5395833333333333
0 0.6107638888888889 0.2947916666666667 0.3715277777777778 0.36736111111111114
5 0.3489583333333333 0.5121527777777778 0.44930555555555557 0.4951388888888889
3 0.5253472222222222 0.3871527777777778 0.3840277777777778 0.3840277777777778
4 0.6732638888888889 0.309375 0.6076388888888888 0.6076388888888888
1 0.7184027777777777 0.48993055555555554 0.5423611111111111 0.5840277777777778
2 0.2621527777777778 0.5378472222222223 0.5131944444444444 0.5395833333333333
5 0.4809027777777778 0.4704861111111111 0.44930555555555557 0.4951388888888889
