1 0.5510416666666667 0.31145833333333334 0.4951388888888889 0.4534722222222222
3 0.48368055555555556 0.5149305555555556 0.19652777777777777 0.18263888888888888
2 0.39340277777777777 0.5927083333333333 0.39375 0.29930555555555555
2 0.49270833333333336 0.5746527777777778 0.5451388888888888 0.5451388888888888
3 0.5614583333333333 0.37604166666666666 0.31319444444444444 0.31319444444444444
5 0.35659722222222223 0.6545138888888888 0.4895833333333333 0.4895833333333333
5 0.6420138888888889 0.44895833333333335 0.4895833333333333 0.4895833333333333
3 0.503125 0.6149305555555555 0.31319444444444444 0.31319444444444444
4 0.3802083333333333 0.7288194444444445 0.4965277777777778 0.4965277777777778
1 0.2902777777777778 0.565625 0.5833333333333334 0.5840277777777778
2 0.7190972222222223 0.4017361111111111 0.5451388888888888 0.5451388888888888
5 0.5246527777777777 0.5232638888888889 0.4895833333333333 0.4895833333333333
