1 0.5628472222222223 0.30104166666666665 0.4909722222222222 0.5798611111111112
3 0.3857638888888889 0.5753472222222222 0.26319444444444445 0.22847222222222222
5 0.3211805555555556 0.7357638888888889 0.47152777777777777 0.42569444444444443
3 0.5454861111111111 0.3107638888888889 0.4423611111111111 0.4423611111111111
2 0.43645833333333334 0.43854166666666666 0.6076388888888888 0.6076388888888888
0 0.3003472222222222 0.6204861111111111 0.42569444444444443 0.42569444444444443
5 0.6357638888888889 0.5635416666666667 0.5451388888888888 0.5451388888888888
3 0.4204861111111111 0.5829861111111111 0.4423611111111111 0.4423611111111111
4 0.2534722222222222 0.5767361111111111 0.7013888888888888 0.7020833333333333
1 0.30486111111111114 0.3975694444444444 0.65 0.6506944444444445
2 0.7239583333333334 0.5850694444444444 0.6076388888888888 0.6076388888888888
5 0.5010416666666667 0.5336805555555556 0.5451388888888888 0.5451388888888888
