5 0.3857638888888889 0.6482638888888889 0.46597222222222223 0.3423611111111111
3 0.396875 0.46145833333333336 0.29097222222222224 0.20625
2 0.5003472222222223 0.2746527777777778 0.4826388888888889 0.3770833333333333
0 0.7399305555555555 0.371875 0.5145833333333333 0.47708333333333336
3 0.334375 0.21006944444444445 0.35347222222222224 0.3854166666666667
4 0.5440972222222222 0.2763888888888889 0.5451388888888888 0.6291666666666667
5 0.6149305555555555 0.5961805555555556 0.35347222222222224 0.4173611111111111
3 0.4017361111111111 0.559375 0.35347222222222224 0.3854166666666667
4 0.24166666666666667 0.5107638888888889 0.5444444444444444 0.6298611111111111
1 0.3385416666666667 0.34965277777777776 0.42986111111111114 0.4895833333333333
2 0.6940972222222223 0.6392361111111111 0.41180555555555554 0.4479166666666667
5 0.49201388888888886 0.5322916666666667 0.35347222222222224 0.4173611111111111
