5 0.42743055555555554 0.3267361111111111 0.4673611111111111 0.4673611111111111
3 0.5836805555555555 0.43020833333333336 0.28680555555555554 0.28680555555555554
2 0.6934027777777778 0.6121527777777778 0.4965277777777778 0.4965277777777778
0 0.48993055555555554 0.7711805555555555 0.5145833333333333 0.47708333333333336
3 0.8322916666666667 0.5010416666666667 0.35347222222222224 0.3854166666666667
4 0.6704861111111111 0.6496527777777777 0.5451388888888888 0.6298611111111111
5 0.3579861111111111 0.5510416666666667 0.35347222222222224 0.4173611111111111
3 0.49618055555555557 0.384375 0.35347222222222224 0.3854166666666667
4 0.6184027777777777 0.2708333333333333 0.5451388888888888 0.6291666666666667
1 0.709375 0.434375 0.42986111111111114 0.4895833333333333
2 0.2809027777777778 0.5975694444444445 0.41180555555555554 0.4479166666666667
5 0.47465277777777776 0.47604166666666664 0.35347222222222224 0.4173611111111111
