4 0.28715277777777776 0.5361111111111111 0.20902777777777778 0.25
3 0.46631944444444445 0.509375 0.14097222222222222 0.19652777777777777
2 0.5934027777777777 0.5753472222222222 0.11458333333333333 0.4048611111111111
5 0.7510416666666667 0.5517361111111111 0.28402777777777777 0.40625
2 0.49201388888888886 0.47118055555555555 0.34930555555555554 0.4201388888888889
0 0.25104166666666666 0.4128472222222222 0.36319444444444443 0.6826388888888889
5 0.3628472222222222 0.434375 0.28402777777777777 0.40625
3 0.5788194444444444 0.41423611111111114 0.30069444444444443 0.36319444444444443
4 0.7454861111111111 0.4204861111111111 0.44375 0.6090277777777777
1 0.6940972222222223 0.6010416666666667 0.3548611111111111 0.4701388888888889
2 0.27534722222222224 0.4128472222222222 0.34930555555555554 0.4201388888888889
5 0.4982638888888889 0.4642361111111111 0.28402777777777777 0.40625
