2 0.5857638888888889 0.5961805555555556 0.40208333333333335 0.40208333333333335
3 0.5038194444444445 0.4732638888888889 0.22569444444444445 0.22569444444444445
1 0.3107638888888889 0.3454861111111111 0.5104166666666666 0.5104166666666666
3 0.36215277777777777 0.3996527777777778 0.3854166666666667 0.35347222222222224
2 0.5045138888888889 0.5045138888888889 0.59375 0.58125
0 0.6392361111111111 0.6857638888888888 0.45902777777777776 0.4423611111111111
5 0.5260416666666666 0.35104166666666664 0.5381944444444444 0.5145833333333333
3 0.6017361111111111 0.5538194444444444 0.3854166666666667 0.35347222222222224
4 0.6385416666666667 0.7170138888888888 0.6298611111111111 0.5451388888888888
1 0.4517361111111111 0.7135416666666666 0.6395833333333333 0.6173611111111111
2 0.5246527777777777 0.2611111111111111 0.59375 0.5805555555555556
5 0.5329861111111112 0.4892361111111111 0.5381944444444444 0.5145833333333333
