4 0.6753472222222222 0.6232638888888888 0.32569444444444445 0.32569444444444445
3 0.5295138888888888 0.5149305555555556 0.23819444444444443 0.23819444444444443
2 0.4857638888888889 0.37881944444444443 0.36736111111111114 0.36736111111111114
5 0.3579861111111111 0.28368055555555555 0.4173611111111111 0.35347222222222224
2 0.48506944444444444 0.5246527777777777 0.4479166666666667 0.41180555555555554
0 0.6135416666666667 0.7364583333333333 0.6659722222222222 0.5006944444444444
5 0.5496527777777778 0.6413194444444444 0.4173611111111111 0.35347222222222224
3 0.3836805555555556 0.503125 0.3854166666666667 0.35347222222222224
4 0.26944444444444443 0.38090277777777776 0.6291666666666667 0.5451388888888888
1 0.43368055555555557 0.2899305555555556 0.4895833333333333 0.42986111111111114
2 0.596875 0.7184027777777777 0.4479166666666667 0.41180555555555554
5 0.4753472222222222 0.5246527777777777 0.4173611111111111 0.35347222222222224
