4 0.7114583333333333 0.46319444444444446 0.20902777777777778 0.25
3 0.5322916666666667 0.4892361111111111 0.14097222222222222 0.19652777777777777
2 0.40520833333333334 0.4232638888888889 0.11458333333333333 0.4048611111111111
5 0.24756944444444445 0.446875 0.28402777777777777 0.40625
2 0.5065972222222223 0.5274305555555555 0.34930555555555554 0.4201388888888889
0 0.7475694444444444 0.5857638888888889 0.36319444444444443 0.6826388888888889
5 0.6357638888888889 0.5642361111111112 0.28402777777777777 0.40625
3 0.4197916666666667 0.584375 0.30069444444444443 0.36319444444444443
4 0.253125 0.578125 0.44375 0.6090277777777777
1 0.30451388888888886 0.3975694444444444 0.3548611111111111 0.4701388888888889
2 0.7232638888888889 0.5857638888888889 0.34930555555555554 0.4201388888888889
5 0.5003472222222223 0.534375 0.28402777777777777 0.40625
