5 0.6482638888888889 0.6128472222222222 0.3423611111111111 0.46597222222222223
3 0.46145833333333336 0.6017361111111111 0.20625 0.29097222222222224
2 0.2746527777777778 0.4982638888888889 0.3770833333333333 0.4826388888888889
0 0.371875 0.2586805555555556 0.47708333333333336 0.5145833333333333
3 0.21006944444444445 0.6642361111111111 0.3854166666666667 0.35347222222222224
4 0.2763888888888889 0.4545138888888889 0.6291666666666667 0.5451388888888888
5 0.5961805555555556 0.3836805555555556 0.4173611111111111 0.35347222222222224
3 0.559375 0.596875 0.3854166666666667 0.35347222222222224
4 0.5107638888888889 0.7572916666666667 0.6298611111111111 0.5451388888888888
1 0.34965277777777776 0.6600694444444445 0.4895833333333333 0.42986111111111114
2 0.6392361111111111 0.30451388888888886 0.4479166666666667 0.41180555555555554
5 0.5322916666666667 0.5065972222222223 0.4173611111111111 0.35347222222222224
