1 0.6940972222222223 0.5003472222222223 0.3854166666666667 0.46597222222222223
3 0.48020833333333335 0.4878472222222222 0.15763888888888888 0.18263888888888888
2 0.3815972222222222 0.42118055555555556 0.21875 0.40208333333333335
2 0.42465277777777777 0.5121527777777778 0.5131944444444444 0.5395833333333333
3 0.634375 0.5274305555555555 0.2798611111111111 0.32569444444444445
5 0.3121527777777778 0.4017361111111111 0.44930555555555557 0.4951388888888889
5 0.5850694444444444 0.6239583333333333 0.44930555555555557 0.4951388888888889
3 0.3885416666666667 0.5329861111111112 0.2798611111111111 0.32569444444444445
4 0.246875 0.44340277777777776 0.41875 0.5395833333333333
1 0.38090277777777776 0.3142361111111111 0.5423611111111111 0.5840277777777778
2 0.6503472222222222 0.6864583333333333 0.5131944444444444 0.5395833333333333
5 0.4829861111111111 0.5302083333333333 0.44930555555555557 0.4951388888888889
