1 0.4010416666666667 0.6670138888888889 0.4909722222222222 0.4909722222222222
3 0.5184027777777778 0.48854166666666665 0.19652777777777777 0.19652777777777777
2 0.6260416666666667 0.43645833333333334 0.3590277777777778 0.3590277777777778
5 0.6704861111111111 0.3072916666666667 0.3993055555555556 0.3993055555555556
2 0.47118055555555555 0.49201388888888886 0.44513888888888886 0.44513888888888886
0 0.3 0.6711805555555556 0.6027777777777777 0.6034722222222222
5 0.3753472222222222 0.5850694444444444 0.3993055555555556 0.3993055555555556
3 0.465625 0.3885416666666667 0.38263888888888886 0.38263888888888886
4 0.5545138888888889 0.2465277777777778 0.6076388888888888 0.6069444444444444
1 0.684375 0.3815972222222222 0.4756944444444444 0.4756944444444444
2 0.3128472222222222 0.6503472222222222 0.44513888888888886 0.44513888888888886
5 0.4684027777777778 0.4822916666666667 0.3993055555555556 0.3993055555555556
