5 0.30659722222222224 0.4357638888888889 0.33125 0.4354166666666667
3 0.49201388888888886 0.4510416666666667 0.19791666666666666 0.27291666666666664
1 0.6684027777777778 0.5329861111111112 0.41458333333333336 0.5701388888888889
0 0.24444444444444444 0.434375 0.5180555555555556 0.5340277777777778
3 0.6711805555555556 0.5503472222222222 0.4215277777777778 0.4048611111111111
4 0.5003472222222223 0.5260416666666666 0.6770833333333334 0.6326388888888889
5 0.43506944444444445 0.6357638888888889 0.4951388888888889 0.44930555555555557
3 0.415625 0.4197916666666667 0.4215277777777778 0.4048611111111111
4 0.421875 0.2534722222222222 0.6770833333333334 0.6319444444444444
1 0.6017361111111111 0.30451388888888886 0.5840277777777778 0.5423611111111111
2 0.41354166666666664 0.7232638888888889 0.5395833333333333 0.5131944444444444
5 0.46493055555555557 0.5010416666666667 0.4951388888888889 0.44930555555555557
