5 0.740625 0.5260416666666666 0.34652777777777777 0.41041666666666665
3 0.6059027777777778 0.48854166666666665 0.2298611111111111 0.23541666666666666
2 0.5128472222222222 0.3663194444444444 0.3423611111111111 0.45208333333333334
0 0.3003472222222222 0.30659722222222224 0.4756944444444444 0.4756944444444444
2 0.48159722222222223 0.4600694444444444 0.6298611111111111 0.6298611111111111
5 0.5934027777777777 0.5552083333333333 0.5645833333333333 0.5645833333333333
5 0.47256944444444443 0.6475694444444444 0.5645833333333333 0.5645833333333333
3 0.396875 0.44479166666666664 0.4284722222222222 0.4284722222222222
4 0.36006944444444444 0.28194444444444444 0.6770833333333334 0.6763888888888889
1 0.546875 0.28541666666666665 0.6729166666666667 0.6722222222222223
2 0.4739583333333333 0.7378472222222222 0.6298611111111111 0.6298611111111111
5 0.465625 0.509375 0.5645833333333333 0.5645833333333333
