1 0.38645833333333335 0.6746527777777778 0.5534722222222223 0.5534722222222223
3 0.628125 0.4552083333333333 0.2548611111111111 0.2548611111111111
5 0.7329861111111111 0.3170138888888889 0.46458333333333335 0.46458333333333335
0 0.6920138888888889 0.3003472222222222 0.4756944444444444 0.4756944444444444
2 0.5385416666666667 0.48159722222222223 0.6298611111111111 0.6298611111111111
5 0.44340277777777776 0.5934027777777777 0.5645833333333333 0.5645833333333333
5 0.35104166666666664 0.47256944444444443 0.5645833333333333 0.5645833333333333
3 0.5538194444444444 0.396875 0.4284722222222222 0.4284722222222222
4 0.7170138888888888 0.36006944444444444 0.6770833333333334 0.6770833333333334
1 0.7135416666666666 0.546875 0.6729166666666667 0.6729166666666667
2 0.2611111111111111 0.4739583333333333 0.6291666666666667 0.6298611111111111
5 0.4892361111111111 0.465625 0.5645833333333333 0.5645833333333333
