2 0.390625 0.428125 0.33541666666666664 0.4423611111111111
3 0.5017361111111112 0.5260416666666666 0.21458333333333332 0.22013888888888888
1 0.7211805555555556 0.5989583333333334 0.47152777777777777 0.5145833333333333
3 0.6572916666666667 0.5600694444444444 0.38263888888888886 0.38263888888888886
2 0.49270833333333336 0.4954861111111111 0.6076388888888888 0.6076388888888888
0 0.315625 0.35520833333333335 0.46597222222222223 0.46597222222222223
5 0.5114583333333333 0.6496527777777777 0.5451388888888888 0.5451388888888888
3 0.38645833333333335 0.4732638888888889 0.38263888888888886 0.38263888888888886
4 0.30868055555555557 0.3246527777777778 0.6076388888888888 0.6076388888888888
1 0.48993055555555554 0.28055555555555556 0.6506944444444445 0.65
2 0.5364583333333334 0.7364583333333333 0.6076388888888888 0.6076388888888888
5 0.4690972222222222 0.5177083333333333 0.5451388888888888 0.5451388888888888
