5 0.7392361111111111 0.46284722222222224 0.27708333333333335 0.40069444444444446
3 0.5996527777777778 0.46076388888888886 0.20347222222222222 0.21319444444444444
2 0.478125 0.36770833333333336 0.24930555555555556 0.4618055555555556
0 0.25729166666666664 0.3642361111111111 0.4548611111111111 0.46458333333333335
2 0.471875 0.465625 0.6076388888888888 0.6076388888888888
5 0.6052083333333333 0.5288194444444444 0.5451388888888888 0.5451388888888888
5 0.5114583333333333 0.6496527777777777 0.5451388888888888 0.5451388888888888
3 0.38645833333333335 0.4732638888888889 0.4048611111111111 0.4215277777777778
4 0.3090277777777778 0.325 0.6319444444444444 0.6763888888888889
1 0.48993055555555554 0.28055555555555556 0.6493055555555556 0.6486111111111111
2 0.5371527777777778 0.7364583333333333 0.6076388888888888 0.6076388888888888
5 0.46979166666666666 0.5177083333333333 0.5451388888888888 0.5451388888888888
