1 0.30104166666666665 0.4357638888888889 0.5798611111111112 0.4909722222222222
3 0.5753472222222222 0.6128472222222222 0.22847222222222222 0.26319444444444445
5 0.7357638888888889 0.6774305555555555 0.42569444444444443 0.47152777777777777
3 0.3107638888888889 0.453125 0.4423611111111111 0.4423611111111111
2 0.43854166666666666 0.5621527777777777 0.6076388888888888 0.6076388888888888
0 0.6204861111111111 0.6982638888888889 0.42569444444444443 0.42569444444444443
5 0.5635416666666667 0.3628472222222222 0.5451388888888888 0.5451388888888888
3 0.5829861111111111 0.578125 0.4423611111111111 0.4423611111111111
4 0.5767361111111111 0.7454861111111111 0.7020833333333333 0.7020833333333333
1 0.3975694444444444 0.6940972222222223 0.6506944444444445 0.6506944444444445
2 0.5850694444444444 0.275 0.6076388888888888 0.6069444444444444
5 0.5336805555555556 0.49756944444444445 0.5451388888888888 0.5451388888888888
