4 0.5184027777777778 0.28506944444444443 0.2951388888888889 0.2673611111111111
3 0.4982638888888889 0.46493055555555557 0.22708333333333333 0.18680555555555556
2 0.4017361111111111 0.5711805555555556 0.4201388888888889 0.21458333333333332
5 0.3836805555555556 0.7295138888888889 0.4173611111111111 0.35347222222222224
2 0.528125 0.49895833333333334 0.4479166666666667 0.41180555555555554
0 0.6475694444444444 0.2815972222222222 0.6659722222222222 0.5006944444444444
5 0.596875 0.384375 0.4173611111111111 0.35347222222222224
3 0.5607638888888888 0.5975694444444445 0.3854166666666667 0.35347222222222224
4 0.5114583333333333 0.7579861111111111 0.6298611111111111 0.5451388888888888
1 0.35104166666666664 0.6607638888888889 0.4895833333333333 0.42986111111111114
2 0.640625 0.30520833333333336 0.4479166666666667 0.41180555555555554
5 0.5336805555555556 0.5072916666666667 0.4173611111111111 0.35347222222222224
