3 0.5107638888888889 0.5607638888888888 0.22152777777777777 0.28402777777777777
5 0.6934027777777778 0.4822916666666667 0.3701388888888889 0.4798611111111111
2 0.30451388888888886 0.559375 0.4354166666666667 0.5034722222222222
0 0.23923611111111112 0.4197916666666667 0.4076388888888889 0.4798611111111111
3 0.4107638888888889 0.8204861111111111 0.36319444444444443 0.30069444444444443
4 0.31006944444444445 0.6253472222222223 0.6090277777777777 0.44375
5 0.4857638888888889 0.34965277777777776 0.40625 0.28402777777777777
3 0.6107638888888889 0.5260416666666666 0.36319444444444443 0.30069444444444443
4 0.6892361111111112 0.6739583333333333 0.6090277777777777 0.44375
1 0.5072916666666667 0.7190972222222223 0.4701388888888889 0.3548611111111111
2 0.46076388888888886 0.26284722222222223 0.4201388888888889 0.34930555555555554
5 0.528125 0.4809027777777778 0.40625 0.28402777777777777
