5 0.4357638888888889 0.6920138888888889 0.4354166666666667 0.33125
3 0.4510416666666667 0.5065972222222223 0.27291666666666664 0.19791666666666666
1 0.5329861111111112 0.3302083333333333 0.5701388888888889 0.41458333333333336
0 0.434375 0.7545138888888889 0.5340277777777778 0.51875
3 0.5503472222222222 0.32743055555555556 0.4048611111111111 0.4215277777777778
4 0.5260416666666666 0.4982638888888889 0.6326388888888889 0.6770833333333334
5 0.6357638888888889 0.5635416666666667 0.44930555555555557 0.4951388888888889
3 0.4197916666666667 0.5829861111111111 0.4048611111111111 0.4215277777777778
4 0.2534722222222222 0.5767361111111111 0.6319444444444444 0.6770833333333334
1 0.30451388888888886 0.396875 0.5423611111111111 0.5840277777777778
2 0.7232638888888889 0.5850694444444444 0.5131944444444444 0.5395833333333333
5 0.5010416666666667 0.5336805555555556 0.44930555555555557 0.4951388888888889
