1 0.403125 0.3302083333333333 0.46597222222222223 0.3854166666666667
3 0.49895833333333334 0.521875 0.18263888888888888 0.15763888888888888
2 0.490625 0.640625 0.40208333333333335 0.21875
2 0.5475694444444444 0.5572916666666666 0.4201388888888889 0.3506944444444444
3 0.45590277777777777 0.3684027777777778 0.28402777777777777 0.15902777777777777
5 0.5086805555555556 0.7100694444444444 0.4076388888888889 0.28402777777777777
5 0.5642361111111112 0.3628472222222222 0.4076388888888889 0.28402777777777777
3 0.5836805555555555 0.578125 0.28402777777777777 0.15902777777777777
4 0.5774305555555556 0.7465277777777778 0.5159722222222223 0.18611111111111112
1 0.39826388888888886 0.6940972222222223 0.4701388888888889 0.3548611111111111
2 0.5857638888888889 0.27534722222222224 0.4201388888888889 0.3506944444444444
5 0.534375 0.4982638888888889 0.4076388888888889 0.28402777777777777
