5 0.6434027777777778 0.3038194444444444 0.34652777777777777 0.41041666666666665
3 0.5427083333333333 0.4017361111111111 0.2298611111111111 0.23541666666666666
2 0.390625 0.42118055555555556 0.3423611111111111 0.45208333333333334
0 0.23298611111111112 0.5753472222222222 0.40208333333333335 0.4215277777777778
2 0.45590277777777777 0.4947916666666667 0.5451388888888888 0.5451388888888888
5 0.5947916666666667 0.44548611111111114 0.4895833333333333 0.4895833333333333
5 0.6142361111111111 0.596875 0.4895833333333333 0.4895833333333333
3 0.4010416666666667 0.5607638888888888 0.3548611111111111 0.38680555555555557
4 0.24166666666666667 0.5107638888888889 0.5430555555555555 0.6298611111111111
1 0.33784722222222224 0.35104166666666664 0.5826388888888889 0.5826388888888889
2 0.6934027777777778 0.640625 0.5451388888888888 0.5451388888888888
5 0.4913194444444444 0.5336805555555556 0.4895833333333333 0.4895833333333333
