2 0.5579861111111111 0.615625 0.4423611111111111 0.33541666666666664
3 0.5107638888888889 0.4753472222222222 0.22013888888888888 0.21458333333333332
1 0.3572916666666667 0.30243055555555554 0.5145833333333333 0.47152777777777777
3 0.3927083333333333 0.36701388888888886 0.36319444444444443 0.30069444444444443
2 0.503125 0.5059027777777778 0.5395833333333333 0.5131944444444444
0 0.5857638888888889 0.715625 0.4201388888888889 0.38819444444444445
5 0.5635416666666667 0.3628472222222222 0.4951388888888889 0.44930555555555557
3 0.584375 0.578125 0.36319444444444443 0.30069444444444443
4 0.5774305555555556 0.7454861111111111 0.6090277777777777 0.44375
1 0.3975694444444444 0.6934027777777778 0.5840277777777778 0.5423611111111111
2 0.5857638888888889 0.27534722222222224 0.5395833333333333 0.5131944444444444
5 0.534375 0.4982638888888889 0.4951388888888889 0.44930555555555557
