1 0.45034722222222223 0.31145833333333334 0.4048611111111111 0.29097222222222224
3 0.4934027777777778 0.5211805555555555 0.15763888888888888 0.12013888888888889
2 0.4545138888888889 0.6336805555555556 0.3840277777777778 0.12291666666666666
2 0.5315972222222223 0.5677083333333334 0.4965277777777778 0.4479166666666667
3 0.4913194444444444 0.3614583333333333 0.3159722222222222 0.22708333333333333
5 0.45381944444444444 0.7052083333333333 0.4673611111111111 0.3798611111111111
5 0.5975694444444445 0.384375 0.4673611111111111 0.3798611111111111
3 0.5600694444444444 0.5975694444444445 0.3159722222222222 0.22708333333333333
4 0.5107638888888889 0.7579861111111111 0.5465277777777777 0.31319444444444444
1 0.35104166666666664 0.6614583333333334 0.5465277777777777 0.46458333333333335
2 0.640625 0.30520833333333336 0.4965277777777778 0.4479166666666667
5 0.5336805555555556 0.5072916666666667 0.4673611111111111 0.3798611111111111
