5 0.5357638888888889 0.7392361111111111 0.40069444444444446 0.27708333333333335
3 0.5378472222222223 0.5996527777777778 0.21319444444444444 0.20347222222222222
2 0.6309027777777778 0.478125 0.4618055555555556 0.24930555555555556
3 0.5253472222222222 0.6670138888888889 0.36319444444444443 0.30069444444444443
2 0.49895833333333334 0.49201388888888886 0.5395833333333333 0.5131944444444444
0 0.5322916666666667 0.26840277777777777 0.4201388888888889 0.38819444444444445
5 0.3753472222222222 0.5850694444444444 0.4951388888888889 0.44930555555555557
3 0.465625 0.3885416666666667 0.36319444444444443 0.30069444444444443
4 0.5552083333333333 0.246875 0.6090277777777777 0.44375
1 0.684375 0.3815972222222222 0.5840277777777778 0.5423611111111111
2 0.3128472222222222 0.6503472222222222 0.5395833333333333 0.5131944444444444
5 0.4684027777777778 0.4829861111111111 0.4951388888888889 0.44930555555555557
