5 0.5239583333333333 0.684375 0.4826388888888889 0.41875
3 0.40034722222222224 0.5447916666666667 0.29930555555555555 0.2548611111111111
2 0.340625 0.33993055555555557 0.50625 0.45208333333333334
0 0.5788194444444444 0.23923611111111112 0.4798611111111111 0.4076388888888889
3 0.178125 0.4107638888888889 0.30069444444444443 0.36319444444444443
4 0.3732638888888889 0.31006944444444445 0.44375 0.6090277777777777
5 0.6489583333333333 0.4857638888888889 0.28402777777777777 0.40625
3 0.47256944444444443 0.6107638888888889 0.30069444444444443 0.36319444444444443
4 0.3246527777777778 0.6892361111111112 0.44375 0.6090277777777777
1 0.2795138888888889 0.5072916666666667 0.3548611111111111 0.4701388888888889
2 0.7357638888888889 0.46076388888888886 0.34930555555555554 0.4201388888888889
5 0.5177083333333333 0.528125 0.28402777777777777 0.40625
