5 0.6982638888888889 0.4579861111111111 0.33125 0.4354166666666667
3 0.5295138888888888 0.5371527777777778 0.19791666666666666 0.27291666666666664
1 0.33576388888888886 0.5545138888888889 0.41458333333333336 0.5701388888888889
3 0.36493055555555554 0.6392361111111111 0.3840277777777778 0.3840277777777778
2 0.5232638888888889 0.5836805555555555 0.5395833333333333 0.5131944444444444
0 0.7322916666666667 0.4934027777777778 0.36736111111111114 0.3715277777777778
5 0.41354166666666664 0.3753472222222222 0.4951388888888889 0.44930555555555557
3 0.609375 0.465625 0.3840277777777778 0.3840277777777778
4 0.7510416666666667 0.5552083333333333 0.6076388888888888 0.6076388888888888
1 0.6170138888888889 0.684375 0.5840277777777778 0.5423611111111111
2 0.34756944444444443 0.3128472222222222 0.5395833333333333 0.5131944444444444
5 0.5149305555555556 0.4690972222222222 0.4951388888888889 0.44930555555555557
