5 0.38506944444444446 0.35104166666666664 0.41875 0.4826388888888889
3 0.5628472222222223 0.4107638888888889 0.2548611111111111 0.29930555555555555
2 0.7163194444444444 0.5579861111111111 0.45208333333333334 0.50625
0 0.5600694444444444 0.7649305555555556 0.5131944444444444 0.5131944444444444
3 0.821875 0.4149305555555556 0.38263888888888886 0.38263888888888886
4 0.703125 0.6003472222222223 0.6076388888888888 0.6076388888888888
5 0.37604166666666666 0.5857638888888889 0.3993055555555556 0.3993055555555556
3 0.46631944444444445 0.3892361111111111 0.38263888888888886 0.38263888888888886
4 0.5552083333333333 0.24791666666666667 0.6076388888888888 0.6069444444444444
1 0.6850694444444444 0.38229166666666664 0.4756944444444444 0.4756944444444444
2 0.31354166666666666 0.6510416666666666 0.44513888888888886 0.44513888888888886
5 0.4690972222222222 0.48368055555555556 0.3993055555555556 0.3993055555555556
