4 0.7010416666666667 0.5732638888888889 0.30625 0.3215277777777778
3 0.5329861111111112 0.5065972222222223 0.22013888888888888 0.24097222222222223
2 0.4552083333333333 0.38645833333333335 0.30069444444444443 0.4076388888888889
5 0.3072916666666667 0.328125 0.3993055555555556 0.3993055555555556
2 0.49201388888888886 0.5274305555555555 0.44513888888888886 0.44513888888888886
0 0.6711805555555556 0.6989583333333333 0.6034722222222222 0.6034722222222222
5 0.5850694444444444 0.6232638888888888 0.3993055555555556 0.3993055555555556
3 0.3885416666666667 0.5329861111111112 0.38263888888888886 0.38263888888888886
4 0.2465277777777778 0.4440972222222222 0.6069444444444444 0.6076388888888888
1 0.3815972222222222 0.3142361111111111 0.4756944444444444 0.4756944444444444
2 0.6503472222222222 0.6857638888888888 0.44513888888888886 0.44513888888888886
5 0.4822916666666667 0.5302083333333333 0.3993055555555556 0.3993055555555556
