1 0.5975694444444445 0.3315972222222222 0.4909722222222222 0.4909722222222222
3 0.48020833333333335 0.5100694444444445 0.19652777777777777 0.19652777777777777
2 0.37256944444444445 0.5621527777777777 0.3590277777777778 0.3590277777777778
2 0.4732638888888889 0.5704861111111111 0.5131944444444444 0.5395833333333333
3 0.5913194444444444 0.396875 0.2798611111111111 0.32569444444444445
5 0.3211805555555556 0.6121527777777778 0.44930555555555557 0.4951388888888889
5 0.6496527777777777 0.48715277777777777 0.44930555555555557 0.4951388888888889
3 0.4732638888888889 0.6114583333333333 0.2798611111111111 0.32569444444444445
4 0.3246527777777778 0.6899305555555556 0.41875 0.5395833333333333
1 0.28020833333333334 0.509375 0.5423611111111111 0.5840277777777778
2 0.7364583333333333 0.4621527777777778 0.5131944444444444 0.5395833333333333
5 0.5177083333333333 0.5288194444444444 0.44930555555555557 0.4951388888888889
