5 0.4579861111111111 0.3003472222222222 0.4354166666666667 0.33125
3 0.5371527777777778 0.4690972222222222 0.27291666666666664 0.19791666666666666
1 0.5545138888888889 0.6628472222222223 0.5701388888888889 0.41458333333333336
0 0.42743055555555554 0.2454861111111111 0.40625 0.36319444444444443
3 0.5413194444444445 0.6739583333333333 0.2798611111111111 0.32569444444444445
4 0.47604166666666664 0.5135416666666667 0.41875 0.5395833333333333
5 0.3489583333333333 0.5121527777777778 0.28402777777777777 0.4076388888888889
3 0.5260416666666666 0.3871527777777778 0.2798611111111111 0.32569444444444445
4 0.6739583333333333 0.309375 0.41875 0.5395833333333333
1 0.7190972222222223 0.490625 0.3548611111111111 0.4701388888888889
2 0.2621527777777778 0.5371527777777778 0.3506944444444444 0.4201388888888889
5 0.4809027777777778 0.4704861111111111 0.28402777777777777 0.4076388888888889
