2 0.5961805555555556 0.4128472222222222 0.40208333333333335 0.40208333333333335
3 0.4732638888888889 0.4947916666666667 0.22569444444444445 0.22569444444444445
1 0.3454861111111111 0.6878472222222223 0.5104166666666666 0.5104166666666666
2 0.5059027777777778 0.4239583333333333 0.5451388888888888 0.5451388888888888
3 0.4371527777777778 0.6225694444444444 0.31319444444444444 0.31319444444444444
5 0.6420138888888889 0.3440972222222222 0.4895833333333333 0.4895833333333333
5 0.35659722222222223 0.5496527777777778 0.4895833333333333 0.4895833333333333
3 0.4954861111111111 0.3836805555555556 0.31319444444444444 0.31319444444444444
4 0.6184027777777777 0.26979166666666665 0.4965277777777778 0.4965277777777778
1 0.7086805555555555 0.4329861111111111 0.5840277777777778 0.5840277777777778
2 0.2795138888888889 0.596875 0.5451388888888888 0.5451388888888888
5 0.4739583333333333 0.4753472222222222 0.4895833333333333 0.4895833333333333
