1 0.6975694444444445 0.5628472222222223 0.5798611111111112 0.4909722222222222
3 0.4232638888888889 0.3857638888888889 0.22847222222222222 0.26319444444444445
5 0.26284722222222223 0.3211805555555556 0.42569444444444443 0.47152777777777777
3 0.6878472222222223 0.5454861111111111 0.4423611111111111 0.4423611111111111
2 0.5600694444444444 0.43645833333333334 0.6076388888888888 0.6076388888888888
0 0.378125 0.3003472222222222 0.42569444444444443 0.42569444444444443
5 0.43506944444444445 0.6357638888888889 0.5451388888888888 0.5451388888888888
3 0.415625 0.4204861111111111 0.4423611111111111 0.4423611111111111
4 0.421875 0.2534722222222222 0.7020833333333333 0.7013888888888888
1 0.6010416666666667 0.30486111111111114 0.6506944444444445 0.65
2 0.41354166666666664 0.7239583333333334 0.6076388888888888 0.6076388888888888
5 0.46493055555555557 0.5010416666666667 0.5451388888888888 0.5451388888888888
