2 0.5399305555555556 0.37604166666666666 0.4534722222222222 0.24513888888888888
3 0.4739583333333333 0.5086805555555556 0.19930555555555557 0.1909722222222222
1 0.46076388888888886 0.7392361111111111 0.4840277777777778 0.40069444444444446
2 0.4670138888888889 0.4309027777777778 0.4965277777777778 0.4479166666666667
3 0.5072916666666667 0.6371527777777778 0.3159722222222222 0.22708333333333333
5 0.5447916666666667 0.2934027777777778 0.4673611111111111 0.3798611111111111
5 0.4010416666666667 0.6142361111111111 0.4673611111111111 0.3798611111111111
3 0.43854166666666666 0.4010416666666667 0.3159722222222222 0.22708333333333333
4 0.4878472222222222 0.240625 0.5465277777777777 0.31319444444444444
1 0.6475694444444444 0.3371527777777778 0.5465277777777777 0.46458333333333335
2 0.3579861111111111 0.6934027777777778 0.4965277777777778 0.4479166666666667
5 0.46493055555555557 0.4913194444444444 0.4673611111111111 0.3798611111111111
