1 0.4357638888888889 0.6975694444444445 0.4909722222222222 0.5798611111111112
3 0.6128472222222222 0.4232638888888889 0.26319444444444445 0.22847222222222222
5 0.6774305555555555 0.26284722222222223 0.47152777777777777 0.42569444444444443
0 0.634375 0.25729166666666664 0.46458333333333335 0.4548611111111111
2 0.5329861111111112 0.471875 0.6076388888888888 0.6076388888888888
5 0.46979166666666666 0.6052083333333333 0.5451388888888888 0.5451388888888888
5 0.3489583333333333 0.5114583333333333 0.5451388888888888 0.5451388888888888
3 0.5253472222222222 0.38645833333333335 0.4215277777777778 0.4048611111111111
4 0.6739583333333333 0.3090277777777778 0.6770833333333334 0.6319444444444444
1 0.7184027777777777 0.48993055555555554 0.6493055555555556 0.6493055555555556
2 0.2625 0.5371527777777778 0.6069444444444444 0.6076388888888888
5 0.4809027777777778 0.46979166666666666 0.5451388888888888 0.5451388888888888
