5 0.27326388888888886 0.4107638888888889 0.3909722222222222 0.3909722222222222
3 0.39340277777777777 0.4822916666666667 0.24097222222222223 0.24097222222222223
2 0.4517361111111111 0.6239583333333333 0.41041666666666665 0.41041666666666665
0 0.6413194444444444 0.7371527777777778 0.46458333333333335 0.4548611111111111
2 0.5065972222222223 0.5420138888888889 0.6076388888888888 0.6076388888888888
5 0.42256944444444444 0.4204861111111111 0.5451388888888888 0.5451388888888888
5 0.5635416666666667 0.3628472222222222 0.5451388888888888 0.5451388888888888
3 0.5836805555555555 0.578125 0.4215277777777778 0.4048611111111111
4 0.5774305555555556 0.7461805555555555 0.6770833333333334 0.6326388888888889
1 0.3975694444444444 0.6940972222222223 0.6493055555555556 0.6493055555555556
2 0.5850694444444444 0.27569444444444446 0.6076388888888888 0.6069444444444444
5 0.534375 0.4982638888888889 0.5451388888888888 0.5451388888888888
