5 0.3003472222222222 0.540625 0.33125 0.4354166666666667
3 0.4690972222222222 0.46145833333333336 0.19791666666666666 0.27291666666666664
1 0.6628472222222223 0.4440972222222222 0.41458333333333336 0.5701388888888889
0 0.2454861111111111 0.5711805555555556 0.36319444444444443 0.40625
3 0.6739583333333333 0.45729166666666665 0.32569444444444445 0.2798611111111111
4 0.5135416666666667 0.5225694444444444 0.5395833333333333 0.41875
5 0.5121527777777778 0.6496527777777777 0.4076388888888889 0.28402777777777777
3 0.3871527777777778 0.47256944444444443 0.32569444444444445 0.2798611111111111
4 0.309375 0.3246527777777778 0.5395833333333333 0.41875
1 0.490625 0.2795138888888889 0.4701388888888889 0.3548611111111111
2 0.5371527777777778 0.7364583333333333 0.4201388888888889 0.3506944444444444
5 0.4704861111111111 0.5177083333333333 0.4076388888888889 0.28402777777777777
