5 0.4753472222222222 0.6850694444444444 0.46597222222222223 0.3423611111111111
3 0.3920138888888889 0.5170138888888889 0.29097222222222224 0.20625
2 0.38784722222222223 0.30451388888888886 0.4826388888888889 0.3770833333333333
0 0.6434027777777778 0.26840277777777777 0.41458333333333336 0.31180555555555556
3 0.21215277777777777 0.33090277777777777 0.22708333333333333 0.3145833333333333
4 0.42604166666666665 0.28368055555555555 0.31319444444444444 0.5465277777777777
5 0.6475694444444444 0.5253472222222222 0.1951388888888889 0.36875
3 0.44479166666666664 0.6003472222222223 0.22708333333333333 0.3145833333333333
4 0.2815972222222222 0.6378472222222222 0.31319444444444444 0.5465277777777777
1 0.28506944444444443 0.45034722222222223 0.2548611111111111 0.41875
2 0.7378472222222222 0.5232638888888889 0.26458333333333334 0.3645833333333333
5 0.509375 0.5315972222222223 0.1951388888888889 0.36875
