5 0.6809027777777777 0.4079861111111111 0.40069444444444446 0.4548611111111111
3 0.5385416666666667 0.528125 0.2423611111111111 0.28125
1 0.3559027777777778 0.5954861111111112 0.5090277777777777 0.5895833333333333
3 0.4059027777777778 0.6697916666666667 0.4284722222222222 0.4284722222222222
2 0.5440972222222222 0.5746527777777778 0.59375 0.58125
0 0.7232638888888889 0.43368055555555557 0.41041666666666665 0.4131944444444444
5 0.384375 0.4017361111111111 0.5381944444444444 0.5145833333333333
3 0.596875 0.43854166666666666 0.4284722222222222 0.4284722222222222
4 0.7572916666666667 0.4878472222222222 0.6784722222222223 0.6784722222222223
1 0.6607638888888889 0.6475694444444444 0.6395833333333333 0.6173611111111111
2 0.30451388888888886 0.35868055555555556 0.59375 0.58125
5 0.5065972222222223 0.465625 0.5381944444444444 0.5145833333333333
