5 0.428125 0.6725694444444444 0.4173611111111111 0.24375
3 0.3909722222222222 0.48854166666666665 0.2625 0.14375
2 0.4420138888888889 0.28229166666666666 0.42569444444444443 0.27708333333333335
0 0.6982638888888889 0.31354166666666666 0.4798611111111111 0.4076388888888889
3 0.26493055555555556 0.2621527777777778 0.30069444444444443 0.36319444444444443
4 0.484375 0.2722222222222222 0.44375 0.6083333333333333
5 0.6357638888888889 0.5628472222222223 0.28402777777777777 0.40625
3 0.4204861111111111 0.5829861111111111 0.30069444444444443 0.36319444444444443
4 0.253125 0.5767361111111111 0.44375 0.6090277777777777
1 0.30520833333333336 0.396875 0.3548611111111111 0.4701388888888889
2 0.7232638888888889 0.584375 0.34930555555555554 0.4201388888888889
5 0.5003472222222223 0.5329861111111112 0.28402777777777777 0.40625
