4 0.6232638888888888 0.3232638888888889 0.32569444444444445 0.32569444444444445
3 0.5149305555555556 0.4690972222222222 0.23819444444444443 0.23819444444444443
2 0.37881944444444443 0.5128472222222222 0.36736111111111114 0.36736111111111114
5 0.28368055555555555 0.640625 0.35347222222222224 0.4173611111111111
2 0.5246527777777777 0.5135416666666667 0.41180555555555554 0.4479166666666667
0 0.7364583333333333 0.38506944444444446 0.5006944444444444 0.6659722222222222
5 0.6413194444444444 0.44895833333333335 0.35347222222222224 0.4173611111111111
3 0.503125 0.6149305555555555 0.35347222222222224 0.3854166666666667
4 0.38090277777777776 0.7295138888888889 0.5451388888888888 0.6298611111111111
1 0.2899305555555556 0.5649305555555556 0.42986111111111114 0.4895833333333333
2 0.7184027777777777 0.4017361111111111 0.41180555555555554 0.4479166666666667
5 0.5246527777777777 0.5232638888888889 0.35347222222222224 0.4173611111111111
