5 0.46284722222222224 0.259375 0.40069444444444446 0.27708333333333335
3 0.46076388888888886 0.39895833333333336 0.21319444444444444 0.20347222222222222
2 0.36770833333333336 0.5204861111111111 0.4618055555555556 0.24930555555555556
0 0.3642361111111111 0.7413194444444444 0.46458333333333335 0.4548611111111111
2 0.465625 0.5267361111111111 0.6076388888888888 0.6076388888888888
5 0.5288194444444444 0.39340277777777777 0.5451388888888888 0.5451388888888888
5 0.6496527777777777 0.48715277777777777 0.5451388888888888 0.5451388888888888
3 0.4732638888888889 0.6121527777777778 0.4215277777777778 0.4048611111111111
4 0.325 0.6899305555555556 0.6763888888888889 0.6326388888888889
1 0.28055555555555556 0.5086805555555556 0.6486111111111111 0.6493055555555556
2 0.7364583333333333 0.46145833333333336 0.6076388888888888 0.6076388888888888
5 0.5177083333333333 0.5288194444444444 0.5451388888888888 0.5451388888888888
