5 0.259375 0.5357638888888889 0.27708333333333335 0.40069444444444446
3 0.39895833333333336 0.5378472222222223 0.20347222222222222 0.21319444444444444
2 0.5204861111111111 0.6309027777777778 0.24930555555555556 0.4618055555555556
0 0.7413194444444444 0.634375 0.4548611111111111 0.46458333333333335
2 0.5267361111111111 0.5329861111111112 0.6076388888888888 0.6076388888888888
5 0.39340277777777777 0.46979166666666666 0.5451388888888888 0.5451388888888888
5 0.48715277777777777 0.3489583333333333 0.5451388888888888 0.5451388888888888
3 0.6121527777777778 0.5253472222222222 0.4048611111111111 0.4215277777777778
4 0.6899305555555556 0.6739583333333333 0.6326388888888889 0.6770833333333334
1 0.5086805555555556 0.7184027777777777 0.6493055555555556 0.6493055555555556
2 0.46145833333333336 0.2625 0.6076388888888888 0.6069444444444444
5 0.5288194444444444 0.4809027777777778 0.5451388888888888 0.5451388888888888
