2 0.40243055555555557 0.5857638888888889 0.40208333333333335 0.40208333333333335
3 0.5253472222222222 0.5038194444444445 0.22569444444444445 0.22569444444444445
1 0.653125 0.3107638888888889 0.5104166666666666 0.5104166666666666
3 0.5989583333333334 0.36215277777777777 0.35347222222222224 0.3854166666666667
2 0.49409722222222224 0.5045138888888889 0.58125 0.59375
0 0.3128472222222222 0.6392361111111111 0.4423611111111111 0.45902777777777776
5 0.6475694444444444 0.5260416666666666 0.5145833333333333 0.5381944444444444
3 0.44479166666666664 0.6017361111111111 0.35347222222222224 0.3854166666666667
4 0.2815972222222222 0.6385416666666667 0.5451388888888888 0.6298611111111111
1 0.28541666666666665 0.4517361111111111 0.6166666666666667 0.6395833333333333
2 0.7378472222222222 0.5246527777777777 0.58125 0.59375
5 0.509375 0.5329861111111112 0.5145833333333333 0.5381944444444444
