1 0.359375 0.3454861111111111 0.4909722222222222 0.5798611111111112
3 0.5079861111111111 0.6350694444444445 0.26319444444444445 0.22847222222222222
5 0.6149305555555555 0.771875 0.47152777777777777 0.42569444444444443
3 0.359375 0.36493055555555554 0.3840277777777778 0.3840277777777778
2 0.4149305555555556 0.5232638888888889 0.5131944444444444 0.5395833333333333
0 0.5052083333333334 0.7322916666666667 0.3715277777777778 0.36736111111111114
5 0.6232638888888888 0.41354166666666664 0.44930555555555557 0.4951388888888889
3 0.5329861111111112 0.609375 0.3840277777777778 0.3840277777777778
4 0.44340277777777776 0.7510416666666667 0.6076388888888888 0.6076388888888888
1 0.3142361111111111 0.6170138888888889 0.5423611111111111 0.5840277777777778
2 0.6857638888888888 0.34756944444444443 0.5131944444444444 0.5395833333333333
5 0.5295138888888888 0.5149305555555556 0.44930555555555557 0.4951388888888889
