1 0.7027777777777777 0.4552083333333333 0.5125 0.27152777777777776
3 0.37743055555555555 0.4392361111111111 0.1326388888888889 0.22708333333333333
5 0.20590277777777777 0.46284722222222224 0.2659722222222222 0.3909722222222222
3 0.6857638888888888 0.44479166666666664 0.3840277777777778 0.3840277777777778
2 0.5204861111111111 0.41423611111111114 0.5395833333333333 0.5131944444444444
0 0.2947916666666667 0.38784722222222223 0.36736111111111114 0.3715277777777778
5 0.5121527777777778 0.6496527777777777 0.4951388888888889 0.44930555555555557
3 0.3871527777777778 0.4732638888888889 0.3840277777777778 0.3840277777777778
4 0.309375 0.32534722222222223 0.6076388888888888 0.6076388888888888
1 0.48993055555555554 0.28020833333333334 0.5840277777777778 0.5423611111111111
2 0.5378472222222223 0.7364583333333333 0.5395833333333333 0.5131944444444444
5 0.4704861111111111 0.5177083333333333 0.4951388888888889 0.44930555555555557
