2 0.5704861111111111 0.390625 0.4423611111111111 0.33541666666666664
3 0.47256944444444443 0.5017361111111112 0.22013888888888888 0.21458333333333332
1 0.3996527777777778 0.7211805555555556 0.5145833333333333 0.47152777777777777
2 0.4864583333333333 0.42465277777777777 0.5395833333333333 0.5131944444444444
3 0.47118055555555555 0.634375 0.32569444444444445 0.2798611111111111
5 0.596875 0.3121527777777778 0.4951388888888889 0.44930555555555557
5 0.3746527777777778 0.5850694444444444 0.4951388888888889 0.44930555555555557
3 0.465625 0.3885416666666667 0.32569444444444445 0.2798611111111111
4 0.5552083333333333 0.246875 0.5395833333333333 0.41875
1 0.684375 0.38090277777777776 0.5840277777777778 0.5423611111111111
2 0.3121527777777778 0.6503472222222222 0.5395833333333333 0.5131944444444444
5 0.4684027777777778 0.4829861111111111 0.4951388888888889 0.44930555555555557
