1 0.32395833333333335 0.38645833333333335 0.5534722222222223 0.5534722222222223
3 0.5434027777777778 0.628125 0.2548611111111111 0.2548611111111111
5 0.6815972222222222 0.7329861111111111 0.46458333333333335 0.46458333333333335
3 0.32881944444444444 0.4059027777777778 0.4284722222222222 0.4284722222222222
2 0.4239583333333333 0.5440972222222222 0.58125 0.59375
0 0.5649305555555556 0.7232638888888889 0.4131944444444444 0.41041666666666665
5 0.596875 0.384375 0.5145833333333333 0.5381944444444444
3 0.5600694444444444 0.596875 0.4284722222222222 0.4284722222222222
4 0.5107638888888889 0.7572916666666667 0.6784722222222223 0.6784722222222223
1 0.35104166666666664 0.6607638888888889 0.6173611111111111 0.6395833333333333
2 0.6399305555555556 0.30451388888888886 0.58125 0.59375
5 0.5329861111111112 0.5065972222222223 0.5145833333333333 0.5381944444444444
