2 0.615625 0.440625 0.33541666666666664 0.4423611111111111
3 0.4753472222222222 0.4878472222222222 0.21458333333333332 0.22013888888888888
1 0.30243055555555554 0.6413194444444444 0.47152777777777777 0.5145833333333333
2 0.5253472222222222 0.428125 0.5131944444444444 0.5395833333333333
3 0.40729166666666666 0.6017361111111111 0.2798611111111111 0.32569444444444445
5 0.6774305555555555 0.38645833333333335 0.44930555555555557 0.4951388888888889
5 0.3489583333333333 0.5114583333333333 0.44930555555555557 0.4951388888888889
3 0.5253472222222222 0.3871527777777778 0.2798611111111111 0.32569444444444445
4 0.6739583333333333 0.30868055555555557 0.41875 0.5395833333333333
1 0.7184027777777777 0.4892361111111111 0.5423611111111111 0.5840277777777778
2 0.2621527777777778 0.5364583333333334 0.5131944444444444 0.5395833333333333
5 0.4809027777777778 0.46979166666666666 0.44930555555555557 0.4951388888888889
