5 0.3295138888888889 0.38784722222222223 0.40069444444444446 0.4548611111111111
3 0.5045138888888889 0.4510416666666667 0.2423611111111111 0.28125
1 0.6538194444444444 0.5753472222222222 0.5090277777777777 0.5895833333333333
0 0.2701388888888889 0.3704861111111111 0.5444444444444444 0.5451388888888888
3 0.6524305555555555 0.5934027777777777 0.4284722222222222 0.4284722222222222
4 0.49270833333333336 0.5253472222222222 0.6770833333333334 0.6770833333333334
5 0.4017361111111111 0.6149305555555555 0.4895833333333333 0.4895833333333333
3 0.4392361111111111 0.4010416666666667 0.4284722222222222 0.4284722222222222
4 0.48854166666666665 0.24166666666666667 0.6770833333333334 0.6763888888888889
1 0.6482638888888889 0.33784722222222224 0.5840277777777778 0.5840277777777778
2 0.35868055555555556 0.6940972222222223 0.5451388888888888 0.5451388888888888
5 0.465625 0.49201388888888886 0.4895833333333333 0.4895833333333333
