5 0.6510416666666666 0.3642361111111111 0.4423611111111111 0.4423611111111111
3 0.5447916666666667 0.5170138888888889 0.27152777777777776 0.27152777777777776
1 0.3857638888888889 0.6288194444444445 0.56875 0.56875
3 0.453125 0.6878472222222223 0.4423611111111111 0.4423611111111111
2 0.5621527777777777 0.5600694444444444 0.6076388888888888 0.6076388888888888
0 0.6982638888888889 0.378125 0.42569444444444443 0.42569444444444443
5 0.3628472222222222 0.43506944444444445 0.5451388888888888 0.5451388888888888
3 0.578125 0.415625 0.4423611111111111 0.4423611111111111
4 0.7454861111111111 0.421875 0.7020833333333333 0.7020833333333333
1 0.6940972222222223 0.6010416666666667 0.6506944444444445 0.6506944444444445
2 0.275 0.41354166666666664 0.6069444444444444 0.6076388888888888
5 0.49756944444444445 0.46493055555555557 0.5451388888888888 0.5451388888888888
