4 0.28506944444444443 0.48020833333333335 0.2673611111111111 0.2951388888888889
3 0.46493055555555557 0.5003472222222223 0.18680555555555556 0.22708333333333333
2 0.5711805555555556 0.596875 0.21458333333333332 0.4201388888888889
5 0.7295138888888889 0.6149305555555555 0.35347222222222224 0.4173611111111111
2 0.49895833333333334 0.4704861111111111 0.41180555555555554 0.4479166666666667
0 0.2815972222222222 0.35104166666666664 0.5006944444444444 0.6659722222222222
5 0.384375 0.4017361111111111 0.35347222222222224 0.4173611111111111
3 0.5975694444444445 0.4378472222222222 0.35347222222222224 0.3854166666666667
4 0.7579861111111111 0.48715277777777777 0.5451388888888888 0.6298611111111111
1 0.6607638888888889 0.6475694444444444 0.42986111111111114 0.4895833333333333
2 0.30520833333333336 0.3579861111111111 0.41180555555555554 0.4479166666666667
5 0.5072916666666667 0.46493055555555557 0.35347222222222224 0.4173611111111111
