4 0.6371527777777778 0.6642361111111111 0.3215277777777778 0.30625
3 0.5246527777777777 0.5225694444444444 0.24097222222222223 0.22013888888888888
2 0.5177083333333333 0.3795138888888889 0.4076388888888889 0.30069444444444443
5 0.4184027777777778 0.2545138888888889 0.40625 0.28402777777777777
2 0.47881944444444446 0.5197916666666667 0.4201388888888889 0.34930555555555554
0 0.5482638888888889 0.7579861111111111 0.6826388888888889 0.36319444444444443
5 0.5114583333333333 0.6496527777777777 0.40625 0.28402777777777777
3 0.38645833333333335 0.4732638888888889 0.36319444444444443 0.30069444444444443
4 0.3079861111111111 0.32534722222222223 0.6090277777777777 0.44375
1 0.48993055555555554 0.28020833333333334 0.4701388888888889 0.3548611111111111
2 0.5364583333333334 0.7364583333333333 0.4201388888888889 0.34930555555555554
5 0.4690972222222222 0.5177083333333333 0.40625 0.28402777777777777
