5 0.47256944444444443 0.740625 0.41041666666666665 0.34652777777777777
3 0.5100694444444445 0.6059027777777778 0.23541666666666666 0.2298611111111111
2 0.6322916666666667 0.5128472222222222 0.45208333333333334 0.3423611111111111
3 0.48159722222222223 0.6677083333333333 0.3854166666666667 0.35347222222222224
2 0.5010416666666667 0.49201388888888886 0.59375 0.58125
0 0.5913194444444444 0.28506944444444443 0.45902777777777776 0.4423611111111111
5 0.3572916666666667 0.5503472222222222 0.5381944444444444 0.5145833333333333
3 0.4954861111111111 0.3836805555555556 0.3854166666666667 0.35347222222222224
4 0.6184027777777777 0.2708333333333333 0.6298611111111111 0.5444444444444444
1 0.7086805555555555 0.43368055555555557 0.6395833333333333 0.6173611111111111
2 0.28055555555555556 0.596875 0.5930555555555556 0.58125
5 0.4732638888888889 0.4753472222222222 0.5381944444444444 0.5145833333333333
