1 0.6670138888888889 0.5975694444444445 0.4909722222222222 0.4909722222222222
3 0.48854166666666665 0.48020833333333335 0.19652777777777777 0.19652777777777777
2 0.43645833333333334 0.37256944444444445 0.3590277777777778 0.3590277777777778
2 0.428125 0.4732638888888889 0.5395833333333333 0.5131944444444444
3 0.6017361111111111 0.5913194444444444 0.32569444444444445 0.2798611111111111
5 0.38645833333333335 0.3211805555555556 0.4951388888888889 0.44930555555555557
5 0.5114583333333333 0.6496527777777777 0.4951388888888889 0.44930555555555557
3 0.3871527777777778 0.4732638888888889 0.32569444444444445 0.2798611111111111
4 0.30868055555555557 0.3246527777777778 0.5395833333333333 0.41875
1 0.4892361111111111 0.28020833333333334 0.5840277777777778 0.5423611111111111
2 0.5364583333333334 0.7364583333333333 0.5395833333333333 0.5131944444444444
5 0.46979166666666666 0.5177083333333333 0.4951388888888889 0.44930555555555557
