2 0.37604166666666666 0.45868055555555554 0.24513888888888888 0.4534722222222222
3 0.5086805555555556 0.5246527777777777 0.1909722222222222 0.19930555555555557
1 0.7392361111111111 0.5378472222222223 0.40069444444444446 0.4840277777777778
3 0.6677083333333333 0.5170138888888889 0.35347222222222224 0.3854166666666667
2 0.49201388888888886 0.49756944444444445 0.58125 0.59375
0 0.28506944444444443 0.40729166666666666 0.4423611111111111 0.45902777777777776
5 0.5503472222222222 0.6413194444444444 0.5145833333333333 0.5381944444444444
3 0.3836805555555556 0.503125 0.35347222222222224 0.3854166666666667
4 0.2708333333333333 0.3802083333333333 0.5444444444444444 0.6298611111111111
1 0.43368055555555557 0.2902777777777778 0.6173611111111111 0.6388888888888888
2 0.596875 0.7184027777777777 0.58125 0.59375
5 0.4753472222222222 0.5253472222222222 0.5145833333333333 0.5381944444444444
