5 0.47465277777777776 0.3142361111111111 0.4826388888888889 0.41875
3 0.5982638888888889 0.45381944444444444 0.29930555555555555 0.2548611111111111
2 0.6579861111111112 0.6586805555555556 0.50625 0.45208333333333334
0 0.4197916666666667 0.759375 0.4798611111111111 0.4076388888888889
3 0.8204861111111111 0.5878472222222222 0.30069444444444443 0.36319444444444443
4 0.6253472222222223 0.6885416666666667 0.44375 0.6090277777777777
5 0.34965277777777776 0.5128472222222222 0.28402777777777777 0.40625
3 0.5260416666666666 0.38784722222222223 0.30069444444444443 0.36319444444444443
4 0.6739583333333333 0.309375 0.44375 0.6090277777777777
1 0.7190972222222223 0.4913194444444444 0.3548611111111111 0.4701388888888889
2 0.26284722222222223 0.5378472222222223 0.34930555555555554 0.4201388888888889
5 0.4809027777777778 0.4704861111111111 0.28402777777777777 0.40625
