5 0.35104166666666664 0.6135416666666667 0.4826388888888889 0.41875
3 0.4107638888888889 0.4357638888888889 0.29930555555555555 0.2548611111111111
2 0.5579861111111111 0.28229166666666666 0.50625 0.45208333333333334
0 0.7649305555555556 0.43854166666666666 0.5131944444444444 0.5131944444444444
3 0.4149305555555556 0.17708333333333334 0.38263888888888886 0.3819444444444444
4 0.6003472222222223 0.29583333333333334 0.6076388888888888 0.6069444444444444
5 0.5857638888888889 0.6225694444444444 0.3993055555555556 0.3993055555555556
3 0.3892361111111111 0.5322916666666667 0.38263888888888886 0.38263888888888886
4 0.24791666666666667 0.44340277777777776 0.6069444444444444 0.6076388888888888
1 0.38229166666666664 0.31354166666666666 0.4756944444444444 0.4756944444444444
2 0.6510416666666666 0.6850694444444444 0.44513888888888886 0.44513888888888886
5 0.48368055555555556 0.5295138888888888 0.3993055555555556 0.3993055555555556
