1 0.3628472222222222 0.3607638888888889 0.4951388888888889 0.4534722222222222
3 0.5052083333333334 0.5211805555555555 0.19652777777777777 0.18263888888888888
2 0.5274305555555555 0.6378472222222222 0.39375 0.29930555555555555
2 0.5614583333333333 0.5427083333333333 0.4965277777777778 0.4479166666666667
3 0.4239583333333333 0.384375 0.3159722222222222 0.22708333333333333
5 0.5628472222222223 0.7003472222222222 0.4673611111111111 0.3798611111111111
5 0.5267361111111111 0.3503472222222222 0.4673611111111111 0.3798611111111111
3 0.6010416666666667 0.5538194444444444 0.3159722222222222 0.22708333333333333
4 0.6385416666666667 0.7170138888888888 0.5465277777777777 0.31319444444444444
1 0.45243055555555556 0.7135416666666666 0.5465277777777777 0.46458333333333335
2 0.5246527777777777 0.2607638888888889 0.4965277777777778 0.4479166666666667
5 0.5329861111111112 0.4892361111111111 0.4673611111111111 0.3798611111111111
