5 0.684375 0.47465277777777776 0.41875 0.4826388888888889
3 0.5447916666666667 0.5982638888888889 0.2548611111111111 0.29930555555555555
2 0.33993055555555557 0.6579861111111112 0.45208333333333334 0.50625
0 0.6829861111111111 0.3107638888888889 0.51875 0.5340277777777778
3 0.36909722222222224 0.6225694444444444 0.4215277777777778 0.4048611111111111
4 0.4753472222222222 0.4864583333333333 0.6770833333333334 0.6326388888888889
5 0.4128472222222222 0.3753472222222222 0.4951388888888889 0.44930555555555557
3 0.6100694444444444 0.46631944444444445 0.4215277777777778 0.4048611111111111
4 0.7510416666666667 0.5559027777777777 0.6770833333333334 0.6326388888888889
1 0.6170138888888889 0.6850694444444444 0.5840277777777778 0.5423611111111111
2 0.3482638888888889 0.3128472222222222 0.5395833333333333 0.5131944444444444
5 0.5149305555555556 0.4690972222222222 0.4951388888888889 0.44930555555555557
