1 0.653125 0.359375 0.5798611111111112 0.4909722222222222
3 0.36354166666666665 0.5079861111111111 0.22847222222222222 0.26319444444444445
5 0.2267361111111111 0.6149305555555555 0.42569444444444443 0.47152777777777777
3 0.6336805555555556 0.359375 0.3840277777777778 0.3840277777777778
2 0.4753472222222222 0.4149305555555556 0.5395833333333333 0.5131944444444444
0 0.26631944444444444 0.5052083333333334 0.36736111111111114 0.3715277777777778
5 0.5850694444444444 0.6232638888888888 0.4951388888888889 0.44930555555555557
3 0.3892361111111111 0.5329861111111112 0.3840277777777778 0.3840277777777778
4 0.24791666666666667 0.44340277777777776 0.6069444444444444 0.6076388888888888
1 0.3815972222222222 0.3142361111111111 0.5840277777777778 0.5423611111111111
2 0.6510416666666666 0.6857638888888888 0.5395833333333333 0.5131944444444444
5 0.48368055555555556 0.5295138888888888 0.4951388888888889 0.44930555555555557
