5 0.6475694444444444 0.38506944444444446 0.4826388888888889 0.41875
3 0.5878472222222222 0.5628472222222223 0.29930555555555555 0.2548611111111111
2 0.440625 0.7163194444444444 0.50625 0.45208333333333334
0 0.5642361111111112 0.24444444444444444 0.5340277777777778 0.5180555555555556
3 0.4482638888888889 0.6711805555555556 0.4048611111111111 0.4215277777777778
4 0.47256944444444443 0.5003472222222223 0.6326388888888889 0.6770833333333334
5 0.3628472222222222 0.43506944444444445 0.44930555555555557 0.4951388888888889
3 0.5788194444444444 0.415625 0.4048611111111111 0.4215277777777778
4 0.7454861111111111 0.421875 0.6326388888888889 0.6770833333333334
1 0.6940972222222223 0.6017361111111111 0.5423611111111111 0.5840277777777778
2 0.27534722222222224 0.41354166666666664 0.5131944444444444 0.5395833333333333
5 0.49756944444444445 0.46493055555555557 0.44930555555555557 0.4951388888888889
