1 0.44756944444444446 0.6871527777777777 0.4951388888888889 0.4534722222222222
3 0.5149305555555556 0.48368055555555556 0.19652777777777777 0.18263888888888888
2 0.6052083333333333 0.4059027777777778 0.39375 0.29930555555555555
5 0.6149305555555555 0.2690972222222222 0.4173611111111111 0.35347222222222224
2 0.4704861111111111 0.4996527777777778 0.4479166666666667 0.41180555555555554
0 0.35104166666666664 0.7170138888888888 0.6659722222222222 0.5006944444444444
5 0.4017361111111111 0.6142361111111111 0.4173611111111111 0.35347222222222224
3 0.4378472222222222 0.4010416666666667 0.3854166666666667 0.35347222222222224
4 0.48715277777777777 0.24097222222222223 0.6298611111111111 0.5444444444444444
1 0.6475694444444444 0.33784722222222224 0.4895833333333333 0.42986111111111114
2 0.3579861111111111 0.6934027777777778 0.4479166666666667 0.41180555555555554
5 0.46493055555555557 0.4913194444444444 0.4173611111111111 0.35347222222222224
