1 0.5947916666666667 0.684375 0.3951388888888889 0.5645833333333333
3 0.5260416666666666 0.365625 0.2534722222222222 0.18680555555555556
5 0.45868055555555554 0.20590277777777777 0.4465277777777778 0.3576388888888889
3 0.5996527777777778 0.665625 0.31319444444444444 0.31319444444444444
2 0.5871527777777777 0.4982638888888889 0.41180555555555554 0.4479166666666667
0 0.5538194444444444 0.2725694444444444 0.30486111111111114 0.29791666666666666
5 0.3572916666666667 0.5503472222222222 0.35347222222222224 0.4173611111111111
3 0.4954861111111111 0.384375 0.31319444444444444 0.31319444444444444
4 0.6184027777777777 0.2704861111111111 0.4965277777777778 0.4965277777777778
1 0.7086805555555555 0.43368055555555557 0.42986111111111114 0.4895833333333333
2 0.28020833333333334 0.5975694444444445 0.41180555555555554 0.4479166666666667
5 0.4739583333333333 0.47604166666666664 0.35347222222222224 0.4173611111111111
