2 0.5260416666666666 0.6267361111111112 0.4534722222222222 0.24513888888888888
3 0.5163194444444444 0.47881944444444446 0.19930555555555557 0.1909722222222222
1 0.4128472222222222 0.2725694444444444 0.4840277777777778 0.40069444444444446
3 0.4309027777777778 0.3440972222222222 0.3145833333333333 0.22708333333333333
2 0.5010416666666667 0.5065972222222223 0.4479166666666667 0.41180555555555554
0 0.5274305555555555 0.7309027777777778 0.35347222222222224 0.3076388888888889
5 0.596875 0.384375 0.4173611111111111 0.35347222222222224
3 0.5607638888888888 0.5975694444444445 0.3145833333333333 0.22708333333333333
4 0.5107638888888889 0.7572916666666667 0.5465277777777777 0.31319444444444444
1 0.35104166666666664 0.6607638888888889 0.4895833333333333 0.42986111111111114
2 0.640625 0.30520833333333336 0.4479166666666667 0.41180555555555554
5 0.5336805555555556 0.5072916666666667 0.4173611111111111 0.35347222222222224
