1 0.7072916666666667 0.509375 0.5645833333333333 0.3951388888888889
3 0.396875 0.409375 0.18680555555555556 0.2534722222222222
5 0.22465277777777778 0.38784722222222223 0.3576388888888889 0.4465277777777778
3 0.6934027777777778 0.4947916666666667 0.4284722222222222 0.4284722222222222
2 0.5420138888888889 0.4232638888888889 0.59375 0.58125
0 0.3302083333333333 0.3385416666666667 0.41041666666666665 0.4131944444444444
5 0.47256944444444443 0.6475694444444444 0.5381944444444444 0.5145833333333333
3 0.3975694444444444 0.44548611111111114 0.4284722222222222 0.4284722222222222
4 0.3607638888888889 0.28194444444444444 0.6784722222222223 0.6777777777777778
1 0.546875 0.28541666666666665 0.6395833333333333 0.6166666666666667
2 0.47465277777777776 0.7378472222222222 0.59375 0.58125
5 0.46631944444444445 0.509375 0.5381944444444444 0.5145833333333333
