1 0.684375 0.40381944444444445 0.5645833333333333 0.3951388888888889
3 0.365625 0.47256944444444443 0.18680555555555556 0.2534722222222222
5 0.20590277777777777 0.5399305555555556 0.3576388888888889 0.4465277777777778
3 0.665625 0.39895833333333336 0.31319444444444444 0.31319444444444444
2 0.4982638888888889 0.41215277777777776 0.4479166666666667 0.41180555555555554
0 0.2725694444444444 0.44479166666666664 0.29791666666666666 0.30486111111111114
5 0.5503472222222222 0.6413194444444444 0.4173611111111111 0.35347222222222224
3 0.384375 0.503125 0.31319444444444444 0.31319444444444444
4 0.2704861111111111 0.3802083333333333 0.4965277777777778 0.4965277777777778
1 0.43368055555555557 0.2899305555555556 0.4895833333333333 0.42986111111111114
2 0.5975694444444445 0.7184027777777777 0.4479166666666667 0.41180555555555554
5 0.47604166666666664 0.5246527777777777 0.4173611111111111 0.35347222222222224
