5 0.4878472222222222 0.7024305555555556 0.38680555555555557 0.23958333333333334
3 0.4545138888888889 0.5184027777777778 0.24513888888888888 0.13958333333333334
1 0.4878472222222222 0.32743055555555556 0.5118055555555555 0.2923611111111111
0 0.503125 0.7628472222222222 0.48680555555555555 0.45625
3 0.5045138888888889 0.31979166666666664 0.3548611111111111 0.38680555555555557
4 0.5253472222222222 0.4913194444444444 0.54375 0.6298611111111111
5 0.6475694444444444 0.5260416666666666 0.3798611111111111 0.4673611111111111
3 0.44479166666666664 0.6010416666666667 0.3548611111111111 0.38680555555555557
4 0.2815972222222222 0.6378472222222222 0.54375 0.6298611111111111
1 0.28506944444444443 0.4510416666666667 0.46458333333333335 0.5465277777777777
2 0.7378472222222222 0.5239583333333333 0.4479166666666667 0.4965277777777778
5 0.509375 0.5315972222222223 0.3798611111111111 0.4673611111111111
