5 0.6885416666666667 0.34756944444444443 0.27708333333333335 0.40069444444444446
3 0.5670138888888889 0.41631944444444446 0.20347222222222222 0.21319444444444444
2 0.4149305555555556 0.3954861111111111 0.24930555555555556 0.4618055555555556
0 0.22256944444444443 0.5041666666666667 0.3229166666666667 0.35
2 0.45868055555555554 0.48368055555555556 0.44513888888888886 0.44513888888888886
5 0.6059027777777778 0.47256944444444443 0.3993055555555556 0.3993055555555556
5 0.5850694444444444 0.6232638888888888 0.3993055555555556 0.3993055555555556
3 0.3885416666666667 0.5329861111111112 0.2798611111111111 0.32569444444444445
4 0.246875 0.44340277777777776 0.41875 0.5395833333333333
1 0.3815972222222222 0.3142361111111111 0.4756944444444444 0.4756944444444444
2 0.6503472222222222 0.6857638888888888 0.44513888888888886 0.44513888888888886
5 0.4829861111111111 0.5302083333333333 0.3993055555555556 0.3993055555555556
