4 0.6642361111111111 0.3614583333333333 0.30625 0.3215277777777778
3 0.5225694444444444 0.4739583333333333 0.22013888888888888 0.24097222222222223
2 0.3795138888888889 0.4809027777777778 0.30069444444444443 0.4076388888888889
5 0.2545138888888889 0.5802083333333333 0.28402777777777777 0.40625
2 0.5197916666666667 0.5197916666666667 0.34930555555555554 0.4201388888888889
0 0.7579861111111111 0.45034722222222223 0.36319444444444443 0.6826388888888889
5 0.6496527777777777 0.48715277777777777 0.28402777777777777 0.40625
3 0.4732638888888889 0.6121527777777778 0.30069444444444443 0.36319444444444443
4 0.32534722222222223 0.690625 0.44375 0.6090277777777777
1 0.28020833333333334 0.5086805555555556 0.3548611111111111 0.4701388888888889
2 0.7364583333333333 0.4621527777777778 0.34930555555555554 0.4201388888888889
5 0.5177083333333333 0.5295138888888888 0.28402777777777777 0.40625
