5 0.540625 0.6982638888888889 0.4354166666666667 0.33125
3 0.46145833333333336 0.5295138888888888 0.27291666666666664 0.19791666666666666
1 0.4440972222222222 0.33576388888888886 0.5701388888888889 0.41458333333333336
0 0.5711805555555556 0.753125 0.40625 0.36319444444444443
3 0.45729166666666665 0.3246527777777778 0.2798611111111111 0.32569444444444445
4 0.5225694444444444 0.48506944444444444 0.41875 0.5395833333333333
5 0.6496527777777777 0.4864583333333333 0.28402777777777777 0.4076388888888889
3 0.47256944444444443 0.6114583333333333 0.2798611111111111 0.32569444444444445
4 0.3246527777777778 0.6892361111111112 0.41875 0.5395833333333333
1 0.2795138888888889 0.5079861111111111 0.3548611111111111 0.4701388888888889
2 0.7364583333333333 0.46145833333333336 0.3506944444444444 0.4201388888888889
5 0.5177083333333333 0.528125 0.28402777777777777 0.4076388888888889
