1 0.3142361111111111 0.5947916666666667 0.5645833333333333 0.3951388888888889
3 0.6329861111111111 0.5260416666666666 0.18680555555555556 0.2534722222222222
5 0.7927083333333333 0.45868055555555554 0.3576388888888889 0.4465277777777778
0 0.765625 0.4232638888888889 0.40208333333333335 0.4215277777777778
2 0.5427083333333333 0.5038194444444445 0.5451388888888888 0.5451388888888888
5 0.40381944444444445 0.553125 0.4895833333333333 0.4895833333333333
5 0.384375 0.4017361111111111 0.4895833333333333 0.4895833333333333
3 0.5975694444444445 0.4378472222222222 0.3548611111111111 0.38680555555555557
4 0.7572916666666667 0.4878472222222222 0.54375 0.6298611111111111
1 0.6607638888888889 0.6475694444444444 0.5826388888888889 0.5826388888888889
2 0.30520833333333336 0.3579861111111111 0.5451388888888888 0.5451388888888888
5 0.5072916666666667 0.46493055555555557 0.4895833333333333 0.4895833333333333
