4 0.3232638888888889 0.3753472222222222 0.32569444444444445 0.32569444444444445
3 0.4690972222222222 0.48368055555555556 0.23819444444444443 0.23819444444444443
2 0.5128472222222222 0.6197916666666666 0.36736111111111114 0.36736111111111114
5 0.640625 0.7149305555555555 0.4173611111111111 0.35347222222222224
2 0.5135416666666667 0.4739583333333333 0.4479166666666667 0.41180555555555554
0 0.38506944444444446 0.2621527777777778 0.6659722222222222 0.5006944444444444
5 0.44895833333333335 0.3572916666666667 0.4173611111111111 0.35347222222222224
3 0.6149305555555555 0.4954861111111111 0.3854166666666667 0.35347222222222224
4 0.7295138888888889 0.6177083333333333 0.6298611111111111 0.5451388888888888
1 0.5649305555555556 0.7086805555555555 0.4895833333333333 0.42986111111111114
2 0.4017361111111111 0.28020833333333334 0.4479166666666667 0.41180555555555554
5 0.5232638888888889 0.4739583333333333 0.4173611111111111 0.35347222222222224
