1 0.40381944444444445 0.3142361111111111 0.3951388888888889 0.5645833333333333
3 0.47256944444444443 0.6329861111111111 0.2534722222222222 0.18680555555555556
5 0.5399305555555556 0.7927083333333333 0.4465277777777778 0.3576388888888889
3 0.39895833333333336 0.3329861111111111 0.31319444444444444 0.31319444444444444
2 0.41215277777777776 0.5003472222222223 0.41180555555555554 0.4479166666666667
0 0.44479166666666664 0.7260416666666667 0.30486111111111114 0.29791666666666666
5 0.6413194444444444 0.4482638888888889 0.35347222222222224 0.4173611111111111
3 0.503125 0.6142361111111111 0.31319444444444444 0.31319444444444444
4 0.3802083333333333 0.728125 0.4965277777777778 0.4965277777777778
1 0.2899305555555556 0.5649305555555556 0.42986111111111114 0.4895833333333333
2 0.7184027777777777 0.4010416666666667 0.41180555555555554 0.4479166666666667
5 0.5246527777777777 0.5225694444444444 0.35347222222222224 0.4173611111111111
