1 0.6392361111111111 0.653125 0.4909722222222222 0.5798611111111112
3 0.490625 0.36354166666666665 0.26319444444444445 0.22847222222222222
5 0.3836805555555556 0.2267361111111111 0.47152777777777777 0.42569444444444443
3 0.6392361111111111 0.6336805555555556 0.3840277777777778 0.3840277777777778
2 0.5836805555555555 0.4753472222222222 0.5131944444444444 0.5395833333333333
0 0.4934027777777778 0.26631944444444444 0.3715277777777778 0.36736111111111114
5 0.3753472222222222 0.5850694444444444 0.44930555555555557 0.4951388888888889
3 0.465625 0.3892361111111111 0.3840277777777778 0.3840277777777778
4 0.5552083333333333 0.24791666666666667 0.6076388888888888 0.6069444444444444
1 0.684375 0.3815972222222222 0.5423611111111111 0.5840277777777778
2 0.3128472222222222 0.6510416666666666 0.5131944444444444 0.5395833333333333
5 0.4690972222222222 0.48368055555555556 0.44930555555555557 0.4951388888888889
