5 0.671875 0.42743055555555554 0.4673611111111111 0.4673611111111111
3 0.5684027777777778 0.5836805555555555 0.28680555555555554 0.28680555555555554
2 0.38645833333333335 0.6934027777777778 0.4965277777777778 0.4965277777777778
0 0.628125 0.2701388888888889 0.5451388888888888 0.5444444444444444
3 0.40520833333333334 0.6524305555555555 0.4284722222222222 0.4284722222222222
4 0.4732638888888889 0.49270833333333336 0.6770833333333334 0.6770833333333334
5 0.3836805555555556 0.4017361111111111 0.4895833333333333 0.4895833333333333
3 0.5975694444444445 0.4392361111111111 0.4284722222222222 0.4284722222222222
4 0.7572916666666667 0.48854166666666665 0.6770833333333334 0.6770833333333334
1 0.6607638888888889 0.6482638888888889 0.5840277777777778 0.5840277777777778
2 0.30451388888888886 0.35868055555555556 0.5451388888888888 0.5451388888888888
5 0.5065972222222223 0.465625 0.4895833333333333 0.4895833333333333
