5 0.4017361111111111 0.27743055555555557 0.3645833333333333 0.18958333333333333
3 0.43645833333333334 0.4125 0.17708333333333334 0.1625
2 0.37743055555555555 0.5538194444444444 0.4409722222222222 0.14097222222222222
0 0.43159722222222224 0.7677083333333333 0.4215277777777778 0.40208333333333335
2 0.4739583333333333 0.534375 0.5451388888888888 0.5451388888888888
5 0.5003472222222223 0.38993055555555556 0.4895833333333333 0.4895833333333333
5 0.6413194444444444 0.4482638888888889 0.4895833333333333 0.4895833333333333
3 0.503125 0.6149305555555555 0.38680555555555557 0.3548611111111111
4 0.3802083333333333 0.7288194444444445 0.6298611111111111 0.54375
1 0.2902777777777778 0.5649305555555556 0.5819444444444445 0.5826388888888889
2 0.7184027777777777 0.4017361111111111 0.5451388888888888 0.5451388888888888
5 0.5246527777777777 0.5232638888888889 0.4895833333333333 0.4895833333333333
