4 0.46319444444444446 0.28715277777777776 0.25 0.20902777777777778
3 0.4892361111111111 0.46631944444444445 0.19652777777777777 0.14097222222222222
2 0.4232638888888889 0.5934027777777777 0.4048611111111111 0.11458333333333333
5 0.446875 0.7510416666666667 0.40625 0.28402777777777777
2 0.5274305555555555 0.49201388888888886 0.4201388888888889 0.34930555555555554
0 0.5857638888888889 0.25104166666666666 0.6826388888888889 0.36319444444444443
5 0.5642361111111112 0.3628472222222222 0.40625 0.28402777777777777
3 0.584375 0.5788194444444444 0.36319444444444443 0.30069444444444443
4 0.578125 0.7454861111111111 0.6090277777777777 0.44375
1 0.3975694444444444 0.6940972222222223 0.4701388888888889 0.3548611111111111
2 0.5857638888888889 0.27534722222222224 0.4201388888888889 0.34930555555555554
5 0.534375 0.4982638888888889 0.40625 0.28402777777777777
