5 0.7253472222222223 0.5878472222222222 0.3909722222222222 0.3909722222222222
3 0.6052083333333333 0.5163194444444444 0.24097222222222223 0.24097222222222223
2 0.546875 0.3746527777777778 0.41041666666666665 0.41041666666666665
0 0.3572916666666667 0.26145833333333335 0.46458333333333335 0.4548611111111111
2 0.49201388888888886 0.4565972222222222 0.6076388888888888 0.6076388888888888
5 0.5760416666666667 0.578125 0.5451388888888888 0.5451388888888888
5 0.43506944444444445 0.6357638888888889 0.5451388888888888 0.5451388888888888
3 0.4149305555555556 0.4204861111111111 0.4215277777777778 0.4048611111111111
4 0.42118055555555556 0.25277777777777777 0.6770833333333334 0.6319444444444444
1 0.6010416666666667 0.30486111111111114 0.6493055555555556 0.6486111111111111
2 0.41354166666666664 0.7232638888888889 0.6076388888888888 0.6076388888888888
5 0.4642361111111111 0.5003472222222223 0.5451388888888888 0.5451388888888888
