5 0.7024305555555556 0.5107638888888889 0.23958333333333334 0.38680555555555557
3 0.5184027777777778 0.5440972222222222 0.13958333333333334 0.24513888888888888
1 0.32743055555555556 0.5107638888888889 0.2923611111111111 0.5118055555555555
0 0.7628472222222222 0.4954861111111111 0.45625 0.48680555555555555
3 0.31979166666666664 0.49409722222222224 0.38680555555555557 0.3548611111111111
4 0.4913194444444444 0.4732638888888889 0.6298611111111111 0.54375
5 0.5260416666666666 0.35104166666666664 0.4673611111111111 0.3798611111111111
3 0.6010416666666667 0.5538194444444444 0.38680555555555557 0.3548611111111111
4 0.6378472222222222 0.7170138888888888 0.6298611111111111 0.54375
1 0.4510416666666667 0.7135416666666666 0.5465277777777777 0.46458333333333335
2 0.5239583333333333 0.2607638888888889 0.4965277777777778 0.4479166666666667
5 0.5315972222222223 0.4892361111111111 0.4673611111111111 0.3798611111111111
