2 0.6225694444444444 0.5399305555555556 0.24513888888888888 0.4534722222222222
3 0.48993055555555554 0.4739583333333333 0.1909722222222222 0.19930555555555557
1 0.259375 0.46076388888888886 0.40069444444444446 0.4840277777777778
3 0.33090277777777777 0.48159722222222223 0.35347222222222224 0.3854166666666667
2 0.5065972222222223 0.5010416666666667 0.58125 0.59375
0 0.7135416666666666 0.5913194444444444 0.4423611111111111 0.45902777777777776
5 0.4482638888888889 0.3572916666666667 0.5145833333333333 0.5381944444444444
3 0.6149305555555555 0.4954861111111111 0.35347222222222224 0.3854166666666667
4 0.728125 0.6184027777777777 0.5451388888888888 0.6298611111111111
1 0.5649305555555556 0.7086805555555555 0.6173611111111111 0.6395833333333333
2 0.4017361111111111 0.28055555555555556 0.58125 0.5930555555555556
5 0.5232638888888889 0.4732638888888889 0.5145833333333333 0.5381944444444444
