5 0.34756944444444443 0.31006944444444445 0.40069444444444446 0.27708333333333335
3 0.41631944444444446 0.43159722222222224 0.21319444444444444 0.20347222222222222
2 0.3954861111111111 0.5836805555555555 0.4618055555555556 0.24930555555555556
0 0.5041666666666667 0.7760416666666666 0.35 0.3229166666666667
2 0.48368055555555556 0.5399305555555556 0.44513888888888886 0.44513888888888886
5 0.47256944444444443 0.39340277777777777 0.3993055555555556 0.3993055555555556
5 0.6232638888888888 0.41354166666666664 0.3993055555555556 0.3993055555555556
3 0.5329861111111112 0.6100694444444444 0.32569444444444445 0.2798611111111111
4 0.44340277777777776 0.7517361111111112 0.5395833333333333 0.41875
1 0.3142361111111111 0.6170138888888889 0.4756944444444444 0.4756944444444444
2 0.6857638888888888 0.3482638888888889 0.44513888888888886 0.44513888888888886
5 0.5302083333333333 0.515625 0.3993055555555556 0.3993055555555556
