5 0.6947916666666667 0.6434027777777778 0.41041666666666665 0.34652777777777777
3 0.596875 0.5427083333333333 0.23541666666666666 0.2298611111111111
2 0.5774305555555556 0.390625 0.45208333333333334 0.3423611111111111
0 0.4232638888888889 0.23298611111111112 0.4215277777777778 0.40208333333333335
2 0.5038194444444445 0.45590277777777777 0.5451388888888888 0.5451388888888888
5 0.553125 0.5947916666666667 0.4895833333333333 0.4895833333333333
5 0.4017361111111111 0.6142361111111111 0.4895833333333333 0.4895833333333333
3 0.4378472222222222 0.4010416666666667 0.38680555555555557 0.3548611111111111
4 0.4878472222222222 0.24166666666666667 0.6298611111111111 0.5430555555555555
1 0.6475694444444444 0.33784722222222224 0.5826388888888889 0.5826388888888889
2 0.3579861111111111 0.6934027777777778 0.5451388888888888 0.5451388888888888
5 0.46493055555555557 0.4913194444444444 0.4895833333333333 0.4895833333333333
