5 0.4107638888888889 0.7253472222222223 0.3909722222222222 0.3909722222222222
3 0.4822916666666667 0.6052083333333333 0.24097222222222223 0.24097222222222223
2 0.6239583333333333 0.546875 0.41041666666666665 0.41041666666666665
3 0.43854166666666666 0.6572916666666667 0.38263888888888886 0.38263888888888886
2 0.503125 0.49270833333333336 0.6076388888888888 0.6076388888888888
0 0.6434027777777778 0.315625 0.46597222222222223 0.46597222222222223
5 0.3489583333333333 0.5114583333333333 0.5451388888888888 0.5451388888888888
3 0.5253472222222222 0.38645833333333335 0.38263888888888886 0.38263888888888886
4 0.6739583333333333 0.30868055555555557 0.6076388888888888 0.6076388888888888
1 0.7184027777777777 0.48993055555555554 0.6506944444444445 0.6506944444444445
2 0.2625 0.5364583333333334 0.6069444444444444 0.6076388888888888
5 0.4809027777777778 0.4690972222222222 0.5451388888888888 0.5451388888888888
