5 0.6690972222222222 0.6107638888888889 0.40069444444444446 0.4548611111111111
3 0.49409722222222224 0.5475694444444444 0.2423611111111111 0.28125
1 0.34479166666666666 0.4232638888888889 0.5090277777777777 0.5895833333333333
0 0.7288194444444445 0.628125 0.5451388888888888 0.5451388888888888
3 0.34618055555555555 0.40520833333333334 0.4284722222222222 0.4284722222222222
4 0.5059027777777778 0.4732638888888889 0.6770833333333334 0.6770833333333334
5 0.596875 0.3836805555555556 0.4895833333333333 0.4895833333333333
3 0.559375 0.5975694444444445 0.4284722222222222 0.4284722222222222
4 0.5100694444444445 0.7572916666666667 0.6770833333333334 0.6770833333333334
1 0.3503472222222222 0.6607638888888889 0.5840277777777778 0.5840277777777778
2 0.6399305555555556 0.30451388888888886 0.5451388888888888 0.5451388888888888
5 0.5329861111111112 0.5065972222222223 0.4895833333333333 0.4895833333333333
