5 0.6135416666666667 0.6475694444444444 0.41875 0.4826388888888889
3 0.4357638888888889 0.5878472222222222 0.2548611111111111 0.29930555555555555
2 0.28229166666666666 0.440625 0.45208333333333334 0.50625
0 0.43854166666666666 0.23402777777777778 0.5131944444444444 0.5125
3 0.17708333333333334 0.5836805555555555 0.3819444444444444 0.38263888888888886
4 0.29583333333333334 0.39826388888888886 0.6069444444444444 0.6076388888888888
5 0.6225694444444444 0.4128472222222222 0.3993055555555556 0.3993055555555556
3 0.5322916666666667 0.609375 0.38263888888888886 0.38263888888888886
4 0.44340277777777776 0.7510416666666667 0.6076388888888888 0.6076388888888888
1 0.31354166666666666 0.6163194444444444 0.4756944444444444 0.4756944444444444
2 0.6850694444444444 0.34756944444444443 0.44513888888888886 0.44513888888888886
5 0.5295138888888888 0.5149305555555556 0.3993055555555556 0.3993055555555556
