2 0.440625 0.38298611111111114 0.4423611111111111 0.33541666666666664
3 0.4878472222222222 0.5232638888888889 0.22013888888888888 0.21458333333333332
1 0.6413194444444444 0.6961805555555556 0.5145833333333333 0.47152777777777777
3 0.6059027777777778 0.6315972222222223 0.36319444444444443 0.30069444444444443
2 0.4954861111111111 0.49270833333333336 0.5395833333333333 0.5131944444444444
0 0.4128472222222222 0.2829861111111111 0.4201388888888889 0.38819444444444445
5 0.43506944444444445 0.6357638888888889 0.4951388888888889 0.44930555555555557
3 0.41423611111111114 0.4204861111111111 0.36319444444444443 0.30069444444444443
4 0.42118055555555556 0.253125 0.6090277777777777 0.44375
1 0.6010416666666667 0.30520833333333336 0.5840277777777778 0.5423611111111111
2 0.4128472222222222 0.7232638888888889 0.5395833333333333 0.5131944444444444
5 0.4642361111111111 0.5003472222222223 0.4951388888888889 0.44930555555555557
