5 0.27743055555555557 0.596875 0.18958333333333333 0.3645833333333333
3 0.4125 0.5621527777777777 0.1625 0.17708333333333334
2 0.5538194444444444 0.6211805555555555 0.14097222222222222 0.4409722222222222
0 0.7677083333333333 0.5670138888888889 0.40208333333333335 0.4215277777777778
2 0.534375 0.5246527777777777 0.5451388888888888 0.5451388888888888
5 0.38993055555555556 0.4982638888888889 0.4895833333333333 0.4895833333333333
5 0.4482638888888889 0.3572916666666667 0.4895833333333333 0.4895833333333333
3 0.6149305555555555 0.4954861111111111 0.3548611111111111 0.38680555555555557
4 0.7288194444444445 0.6184027777777777 0.54375 0.6298611111111111
1 0.5649305555555556 0.7086805555555555 0.5826388888888889 0.5826388888888889
2 0.4017361111111111 0.28020833333333334 0.5451388888888888 0.5451388888888888
5 0.5232638888888889 0.4739583333333333 0.4895833333333333 0.4895833333333333
