5 0.31354166666666666 0.4753472222222222 0.3423611111111111 0.46597222222222223
3 0.48159722222222223 0.3920138888888889 0.20625 0.29097222222222224
2 0.6940972222222223 0.38784722222222223 0.3770833333333333 0.4826388888888889
0 0.7302083333333333 0.6434027777777778 0.31180555555555556 0.41458333333333336
3 0.6677083333333333 0.21145833333333333 0.3145833333333333 0.22708333333333333
4 0.7149305555555555 0.42604166666666665 0.5465277777777777 0.31319444444444444
5 0.4732638888888889 0.6475694444444444 0.36875 0.1951388888888889
3 0.39826388888888886 0.44479166666666664 0.3145833333333333 0.22708333333333333
4 0.3607638888888889 0.2815972222222222 0.5465277777777777 0.31319444444444444
1 0.5482638888888889 0.28506944444444443 0.41875 0.2548611111111111
2 0.4753472222222222 0.7378472222222222 0.3645833333333333 0.26458333333333334
5 0.4670138888888889 0.509375 0.36875 0.1951388888888889
