5 0.3177083333333333 0.590625 0.40069444444444446 0.4548611111111111
3 0.4600694444444444 0.4704861111111111 0.2423611111111111 0.28125
1 0.6427083333333333 0.403125 0.5090277777777777 0.5895833333333333
0 0.27326388888888886 0.6336805555555556 0.45625 0.48680555555555555
3 0.6572916666666667 0.41354166666666664 0.38680555555555557 0.3548611111111111
4 0.5190972222222222 0.5177083333333333 0.6298611111111111 0.54375
5 0.5503472222222222 0.6413194444444444 0.4673611111111111 0.3798611111111111
3 0.384375 0.5024305555555556 0.38680555555555557 0.3548611111111111
4 0.2708333333333333 0.3795138888888889 0.6291666666666667 0.54375
1 0.434375 0.28923611111111114 0.5465277777777777 0.46458333333333335
2 0.5975694444444445 0.7184027777777777 0.4965277777777778 0.4479166666666667
5 0.47604166666666664 0.5246527777777777 0.4673611111111111 0.3798611111111111
