5 0.7211805555555556 0.4017361111111111 0.18958333333333333 0.3645833333333333
3 0.5868055555555556 0.43645833333333334 0.1625 0.17708333333333334
2 0.44479166666666664 0.37743055555555555 0.14097222222222222 0.4409722222222222
0 0.2309027777777778 0.43159722222222224 0.40208333333333335 0.4215277777777778
2 0.4642361111111111 0.4739583333333333 0.5451388888888888 0.5451388888888888
5 0.6086805555555556 0.5003472222222223 0.4895833333333333 0.4895833333333333
5 0.5503472222222222 0.6413194444444444 0.4895833333333333 0.4895833333333333
3 0.3836805555555556 0.503125 0.3548611111111111 0.38680555555555557
4 0.2701388888888889 0.3802083333333333 0.5430555555555555 0.6298611111111111
1 0.43368055555555557 0.2902777777777778 0.5826388888888889 0.5819444444444445
2 0.596875 0.7184027777777777 0.5451388888888888 0.5451388888888888
5 0.4753472222222222 0.5246527777777777 0.4895833333333333 0.4895833333333333
