1 0.6357638888888889 0.6378472222222222 0.4951388888888889 0.4534722222222222
3 0.4934027777777778 0.4774305555555556 0.19652777777777777 0.18263888888888888
2 0.47118055555555555 0.3607638888888889 0.39375 0.29930555555555555
2 0.4371527777777778 0.45590277777777777 0.4965277777777778 0.4479166666666667
3 0.5746527777777778 0.6142361111111111 0.3159722222222222 0.22708333333333333
5 0.4357638888888889 0.2982638888888889 0.4673611111111111 0.3798611111111111
5 0.471875 0.6482638888888889 0.4673611111111111 0.3798611111111111
3 0.3975694444444444 0.44479166666666664 0.3159722222222222 0.22708333333333333
4 0.36006944444444444 0.2815972222222222 0.5465277777777777 0.31319444444444444
1 0.5461805555555556 0.28506944444444443 0.5465277777777777 0.46458333333333335
2 0.4739583333333333 0.7378472222222222 0.4965277777777778 0.4479166666666667
5 0.465625 0.509375 0.4673611111111111 0.3798611111111111
