1 0.5954861111111112 0.6684027777777778 0.46597222222222223 0.3854166666666667
3 0.4996527777777778 0.47673611111111114 0.18263888888888888 0.15763888888888888
2 0.5079861111111111 0.3579861111111111 0.40208333333333335 0.21875
2 0.4510416666666667 0.44131944444444443 0.4201388888888889 0.3506944444444444
3 0.5427083333333333 0.6302083333333334 0.28402777777777777 0.15902777777777777
5 0.48993055555555554 0.28854166666666664 0.4076388888888889 0.28402777777777777
5 0.434375 0.6357638888888889 0.4076388888888889 0.28402777777777777
3 0.4149305555555556 0.4204861111111111 0.28402777777777777 0.15902777777777777
4 0.42118055555555556 0.2534722222222222 0.5159722222222223 0.18611111111111112
1 0.6003472222222223 0.30451388888888886 0.4701388888888889 0.3548611111111111
2 0.4128472222222222 0.7232638888888889 0.4201388888888889 0.3506944444444444
5 0.4642361111111111 0.5003472222222223 0.4076388888888889 0.28402777777777777
