2 0.49201388888888886 0.6291666666666667 0.4326388888888889 0.1375
3 0.5211805555555555 0.48368055555555556 0.16597222222222222 0.15347222222222223
1 0.47465277777777776 0.25729166666666664 0.4201388888888889 0.3034722222222222
3 0.4732638888888889 0.3315972222222222 0.36319444444444443 0.30069444444444443
2 0.4996527777777778 0.5065972222222223 0.5395833333333333 0.5131944444444444
0 0.46631944444444445 0.7302083333333333 0.4201388888888889 0.38819444444444445
5 0.6232638888888888 0.41354166666666664 0.4951388888888889 0.44930555555555557
3 0.5329861111111112 0.6100694444444444 0.36319444444444443 0.30069444444444443
4 0.44340277777777776 0.7517361111111112 0.6090277777777777 0.44375
1 0.3142361111111111 0.6170138888888889 0.5840277777777778 0.5423611111111111
2 0.6857638888888888 0.3482638888888889 0.5395833333333333 0.5131944444444444
5 0.5302083333333333 0.515625 0.4951388888888889 0.44930555555555557
