5 0.590625 0.6809027777777777 0.4548611111111111 0.40069444444444446
3 0.4704861111111111 0.5385416666666667 0.28125 0.2423611111111111
1 0.403125 0.3559027777777778 0.5895833333333333 0.5090277777777777
0 0.6336805555555556 0.7253472222222223 0.48680555555555555 0.45625
3 0.41354166666666664 0.34131944444444445 0.3548611111111111 0.38680555555555557
4 0.5177083333333333 0.4795138888888889 0.54375 0.6298611111111111
5 0.6413194444444444 0.4482638888888889 0.3798611111111111 0.4673611111111111
3 0.5024305555555556 0.6142361111111111 0.3548611111111111 0.38680555555555557
4 0.3795138888888889 0.728125 0.54375 0.6298611111111111
1 0.28923611111111114 0.5642361111111112 0.46458333333333335 0.5465277777777777
2 0.7184027777777777 0.4010416666666667 0.4479166666666667 0.4965277777777778
5 0.5246527777777777 0.5225694444444444 0.3798611111111111 0.4673611111111111
