1 0.31145833333333334 0.5482638888888889 0.29097222222222224 0.4048611111111111
3 0.5211805555555555 0.5052083333333334 0.12013888888888889 0.15763888888888888
2 0.6336805555555556 0.5440972222222222 0.12291666666666666 0.3840277777777778
2 0.5677083333333334 0.4670138888888889 0.4479166666666667 0.4965277777777778
3 0.3614583333333333 0.5072916666666667 0.22708333333333333 0.3159722222222222
5 0.7052083333333333 0.5447916666666667 0.3798611111111111 0.4673611111111111
5 0.384375 0.4010416666666667 0.3798611111111111 0.4673611111111111
3 0.5975694444444445 0.43854166666666666 0.22708333333333333 0.3159722222222222
4 0.7579861111111111 0.4878472222222222 0.31319444444444444 0.5465277777777777
1 0.6614583333333334 0.6475694444444444 0.46458333333333335 0.5465277777777777
2 0.30520833333333336 0.3579861111111111 0.4479166666666667 0.4965277777777778
5 0.5072916666666667 0.46493055555555557 0.3798611111111111 0.4673611111111111
