5 0.6107638888888889 0.3295138888888889 0.4548611111111111 0.40069444444444446
3 0.5475694444444444 0.5045138888888889 0.28125 0.2423611111111111
1 0.4232638888888889 0.6538194444444444 0.5895833333333333 0.5090277777777777
3 0.5038194444444445 0.6934027777777778 0.4284722222222222 0.4284722222222222
2 0.5753472222222222 0.5420138888888889 0.58125 0.59375
0 0.6600694444444445 0.3302083333333333 0.4131944444444444 0.41041666666666665
5 0.35104166666666664 0.47256944444444443 0.5145833333333333 0.5381944444444444
3 0.553125 0.3975694444444444 0.4284722222222222 0.4284722222222222
4 0.7170138888888888 0.3607638888888889 0.6784722222222223 0.6784722222222223
1 0.7135416666666666 0.546875 0.6173611111111111 0.6395833333333333
2 0.2611111111111111 0.47465277777777776 0.5805555555555556 0.59375
5 0.4892361111111111 0.46631944444444445 0.5145833333333333 0.5381944444444444
