5 0.6850694444444444 0.5232638888888889 0.3423611111111111 0.46597222222222223
3 0.5170138888888889 0.6065972222222222 0.20625 0.29097222222222224
2 0.30451388888888886 0.6107638888888889 0.3770833333333333 0.4826388888888889
0 0.7253472222222223 0.36493055555555554 0.45625 0.48680555555555555
3 0.34131944444444445 0.5850694444444444 0.38680555555555557 0.3548611111111111
4 0.4795138888888889 0.4809027777777778 0.6298611111111111 0.54375
5 0.4482638888888889 0.3572916666666667 0.4673611111111111 0.3798611111111111
3 0.6142361111111111 0.49618055555555557 0.38680555555555557 0.3548611111111111
4 0.728125 0.6190972222222222 0.6298611111111111 0.54375
1 0.5642361111111112 0.709375 0.5465277777777777 0.46458333333333335
2 0.4010416666666667 0.28020833333333334 0.4965277777777778 0.4479166666666667
5 0.5225694444444444 0.4739583333333333 0.4673611111111111 0.3798611111111111
