3 0.5503472222222222 0.534375 0.29791666666666666 0.2659722222222222
5 0.6239583333333333 0.3503472222222222 0.5034722222222222 0.4465277777777778
2 0.40381944444444445 0.6795138888888889 0.5409722222222222 0.50625
0 0.2586805555555556 0.6267361111111112 0.5145833333333333 0.47708333333333336
3 0.6642361111111111 0.7885416666666667 0.35347222222222224 0.3854166666666667
4 0.4545138888888889 0.7225694444444445 0.5451388888888888 0.6298611111111111
5 0.3836805555555556 0.40243055555555557 0.35347222222222224 0.4173611111111111
3 0.596875 0.4392361111111111 0.35347222222222224 0.3854166666666667
4 0.7572916666666667 0.4878472222222222 0.5451388888888888 0.6298611111111111
1 0.6600694444444445 0.6489583333333333 0.42986111111111114 0.4895833333333333
2 0.30451388888888886 0.359375 0.41180555555555554 0.4479166666666667
5 0.5065972222222223 0.46631944444444445 0.35347222222222224 0.4173611111111111
