5 0.34756944444444443 0.634375 0.4423611111111111 0.4423611111111111
3 0.45381944444444444 0.48159722222222223 0.27152777777777776 0.27152777777777776
1 0.6128472222222222 0.3697916666666667 0.56875 0.56875
0 0.315625 0.6878472222222223 0.51875 0.5340277777777778
3 0.6295138888888889 0.37604166666666666 0.4215277777777778 0.4048611111111111
4 0.5232638888888889 0.5121527777777778 0.6770833333333334 0.6326388888888889
5 0.5857638888888889 0.6232638888888888 0.4951388888888889 0.44930555555555557
3 0.3885416666666667 0.5322916666666667 0.4215277777777778 0.4048611111111111
4 0.24791666666666667 0.4427083333333333 0.6763888888888889 0.6326388888888889
1 0.3815972222222222 0.31354166666666666 0.5840277777777778 0.5423611111111111
2 0.6503472222222222 0.6857638888888888 0.5395833333333333 0.5131944444444444
5 0.48368055555555556 0.5295138888888888 0.4951388888888889 0.44930555555555557
