5 0.5232638888888889 0.31354166666666666 0.46597222222222223 0.3423611111111111
3 0.6065972222222222 0.48159722222222223 0.29097222222222224 0.20625
2 0.6107638888888889 0.6940972222222223 0.4826388888888889 0.3770833333333333
0 0.35520833333333335 0.7302083333333333 0.41458333333333336 0.31180555555555556
3 0.7871527777777778 0.6677083333333333 0.22708333333333333 0.3145833333333333
4 0.5725694444444445 0.7149305555555555 0.31319444444444444 0.5465277777777777
5 0.35104166666666664 0.4732638888888889 0.1951388888888889 0.36875
3 0.5538194444444444 0.39826388888888886 0.22708333333333333 0.3145833333333333
4 0.7170138888888888 0.3607638888888889 0.31319444444444444 0.5465277777777777
1 0.7135416666666666 0.5482638888888889 0.2548611111111111 0.41875
2 0.2607638888888889 0.4753472222222222 0.26458333333333334 0.3645833333333333
5 0.4892361111111111 0.4670138888888889 0.1951388888888889 0.36875
