5 0.3260416666666667 0.428125 0.24375 0.4173611111111111
3 0.5100694444444445 0.3909722222222222 0.14375 0.2625
2 0.7163194444444444 0.4420138888888889 0.27708333333333335 0.42569444444444443
0 0.6850694444444444 0.6982638888888889 0.4076388888888889 0.4798611111111111
3 0.7364583333333333 0.26493055555555556 0.36319444444444443 0.30069444444444443
4 0.7267361111111111 0.484375 0.6090277777777777 0.44375
5 0.4357638888888889 0.6357638888888889 0.40625 0.28402777777777777
3 0.415625 0.4204861111111111 0.36319444444444443 0.30069444444444443
4 0.421875 0.253125 0.6090277777777777 0.44375
1 0.6017361111111111 0.30520833333333336 0.4701388888888889 0.3548611111111111
2 0.41423611111111114 0.7232638888888889 0.4201388888888889 0.34930555555555554
5 0.465625 0.5003472222222223 0.40625 0.28402777777777777
