4 0.6940972222222223 0.40868055555555555 0.2673611111111111 0.2951388888888889
3 0.528125 0.4809027777777778 0.18680555555555556 0.22708333333333333
2 0.3885416666666667 0.45034722222222223 0.21458333333333332 0.4201388888888889
5 0.2420138888888889 0.5135416666666667 0.1951388888888889 0.36875
2 0.5135416666666667 0.5246527777777777 0.26458333333333334 0.3645833333333333
0 0.7621527777777778 0.5184027777777778 0.20208333333333334 0.6534722222222222
5 0.6475694444444444 0.5267361111111111 0.1951388888888889 0.36875
3 0.44479166666666664 0.6017361111111111 0.22708333333333333 0.3145833333333333
4 0.2815972222222222 0.6392361111111111 0.31319444444444444 0.5465277777777777
1 0.28506944444444443 0.4517361111111111 0.2548611111111111 0.41875
2 0.7378472222222222 0.5246527777777777 0.26458333333333334 0.3645833333333333
5 0.509375 0.5329861111111112 0.1951388888888889 0.36875
