5 0.6128472222222222 0.3503472222222222 0.46597222222222223 0.3423611111111111
3 0.6017361111111111 0.5371527777777778 0.29097222222222224 0.20625
2 0.4982638888888889 0.7239583333333334 0.4826388888888889 0.3770833333333333
0 0.4954861111111111 0.23576388888888888 0.48680555555555555 0.45625
3 0.49409722222222224 0.6788194444444444 0.3548611111111111 0.38680555555555557
4 0.4732638888888889 0.5072916666666667 0.54375 0.6298611111111111
5 0.35104166666666664 0.47256944444444443 0.3798611111111111 0.4673611111111111
3 0.5538194444444444 0.3975694444444444 0.3548611111111111 0.38680555555555557
4 0.7170138888888888 0.3607638888888889 0.54375 0.6298611111111111
1 0.7135416666666666 0.5475694444444444 0.46458333333333335 0.5465277777777777
2 0.2607638888888889 0.47465277777777776 0.4479166666666667 0.4965277777777778
5 0.4892361111111111 0.4670138888888889 0.3798611111111111 0.4673611111111111
