4 0.5899305555555555 0.6940972222222223 0.2951388888888889 0.2673611111111111
3 0.5177083333333333 0.528125 0.22708333333333333 0.18680555555555556
2 0.5482638888888889 0.3885416666666667 0.4201388888888889 0.21458333333333332
5 0.48506944444444444 0.2420138888888889 0.36875 0.1951388888888889
2 0.47465277777777776 0.5135416666666667 0.3645833333333333 0.26458333333333334
0 0.48020833333333335 0.7621527777777778 0.6534722222222222 0.20208333333333334
5 0.471875 0.6475694444444444 0.36875 0.1951388888888889
3 0.396875 0.44479166666666664 0.3145833333333333 0.22708333333333333
4 0.359375 0.2815972222222222 0.5465277777777777 0.31319444444444444
1 0.546875 0.28506944444444443 0.41875 0.2548611111111111
2 0.4739583333333333 0.7378472222222222 0.3645833333333333 0.26458333333333334
5 0.465625 0.509375 0.36875 0.1951388888888889
