1 0.6121527777777778 0.32395833333333335 0.5534722222222223 0.5534722222222223
3 0.3704861111111111 0.5434027777777778 0.2548611111111111 0.2548611111111111
5 0.265625 0.6815972222222222 0.46458333333333335 0.46458333333333335
3 0.5927083333333333 0.32881944444444444 0.4284722222222222 0.4284722222222222
2 0.4545138888888889 0.4239583333333333 0.59375 0.58125
0 0.27534722222222224 0.5649305555555556 0.41041666666666665 0.4131944444444444
5 0.6142361111111111 0.596875 0.5381944444444444 0.5145833333333333
3 0.4017361111111111 0.5600694444444444 0.4284722222222222 0.4284722222222222
4 0.24166666666666667 0.5107638888888889 0.6777777777777778 0.6784722222222223
1 0.33784722222222224 0.35104166666666664 0.6395833333333333 0.6173611111111111
2 0.6940972222222223 0.6399305555555556 0.59375 0.58125
5 0.49201388888888886 0.5329861111111112 0.5381944444444444 0.5145833333333333
