2 0.6291666666666667 0.5065972222222223 0.1375 0.4326388888888889
3 0.48368055555555556 0.4774305555555556 0.15347222222222223 0.16597222222222222
1 0.25729166666666664 0.5239583333333333 0.3034722222222222 0.4201388888888889
3 0.3315972222222222 0.5253472222222222 0.30069444444444443 0.36319444444444443
2 0.5065972222222223 0.49895833333333334 0.5131944444444444 0.5395833333333333
0 0.7302083333333333 0.5322916666666667 0.38819444444444445 0.4201388888888889
5 0.41354166666666664 0.3753472222222222 0.44930555555555557 0.4951388888888889
3 0.6100694444444444 0.465625 0.30069444444444443 0.36319444444444443
4 0.7517361111111112 0.5552083333333333 0.44375 0.6090277777777777
1 0.6170138888888889 0.684375 0.5423611111111111 0.5840277777777778
2 0.3482638888888889 0.3128472222222222 0.5131944444444444 0.5395833333333333
5 0.515625 0.4684027777777778 0.44930555555555557 0.4951388888888889
