1 0.3302083333333333 0.5954861111111112 0.3854166666666667 0.46597222222222223
3 0.521875 0.4996527777777778 0.15763888888888888 0.18263888888888888
2 0.640625 0.5079861111111111 0.21875 0.40208333333333335
5 0.7440972222222222 0.4184027777777778 0.28402777777777777 0.40625
2 0.47881944444444446 0.47881944444444446 0.34930555555555554 0.4201388888888889
0 0.240625 0.5482638888888889 0.36319444444444443 0.6826388888888889
5 0.3489583333333333 0.5114583333333333 0.28402777777777777 0.40625
3 0.5253472222222222 0.38645833333333335 0.30069444444444443 0.36319444444444443
4 0.6732638888888889 0.3079861111111111 0.44375 0.6090277777777777
1 0.7184027777777777 0.48993055555555554 0.3548611111111111 0.4701388888888889
2 0.2621527777777778 0.5364583333333334 0.34930555555555554 0.4201388888888889
5 0.4809027777777778 0.4690972222222222 0.28402777777777777 0.40625
