1 0.2965277777777778 0.5434027777777778 0.5125 0.27152777777777776
3 0.6211805555555555 0.559375 0.1326388888888889 0.22708333333333333
5 0.7934027777777778 0.5357638888888889 0.2659722222222222 0.3909722222222222
3 0.3128472222222222 0.5538194444444444 0.3840277777777778 0.3840277777777778
2 0.478125 0.584375 0.5395833333333333 0.5131944444444444
0 0.7038194444444444 0.6107638888888889 0.36736111111111114 0.3715277777777778
5 0.4864583333333333 0.3489583333333333 0.4951388888888889 0.44930555555555557
3 0.6114583333333333 0.5253472222222222 0.3840277777777778 0.3840277777777778
4 0.6892361111111112 0.6732638888888889 0.6076388888888888 0.6076388888888888
1 0.5086805555555556 0.7184027777777777 0.5840277777777778 0.5423611111111111
2 0.46076388888888886 0.2621527777777778 0.5395833333333333 0.5131944444444444
5 0.528125 0.4809027777777778 0.4951388888888889 0.44930555555555557
