5 0.38784722222222223 0.6690972222222222 0.4548611111111111 0.40069444444444446
3 0.4510416666666667 0.49409722222222224 0.28125 0.2423611111111111
1 0.5753472222222222 0.34479166666666666 0.5895833333333333 0.5090277777777777
0 0.3704861111111111 0.7288194444444445 0.5451388888888888 0.5451388888888888
3 0.5934027777777777 0.34618055555555555 0.4284722222222222 0.4284722222222222
4 0.5253472222222222 0.5059027777777778 0.6770833333333334 0.6770833333333334
5 0.6149305555555555 0.596875 0.4895833333333333 0.4895833333333333
3 0.4010416666666667 0.559375 0.4284722222222222 0.4284722222222222
4 0.24166666666666667 0.5100694444444445 0.6763888888888889 0.6770833333333334
1 0.33784722222222224 0.3503472222222222 0.5840277777777778 0.5840277777777778
2 0.6940972222222223 0.6399305555555556 0.5451388888888888 0.5451388888888888
5 0.49201388888888886 0.5329861111111112 0.4895833333333333 0.4895833333333333
