1 0.6378472222222222 0.3628472222222222 0.4534722222222222 0.4951388888888889
3 0.4774305555555556 0.5052083333333334 0.18263888888888888 0.19652777777777777
2 0.3607638888888889 0.5274305555555555 0.29930555555555555 0.39375
2 0.45590277777777777 0.5614583333333333 0.4479166666666667 0.4965277777777778
3 0.6142361111111111 0.4239583333333333 0.22708333333333333 0.3159722222222222
5 0.2982638888888889 0.5628472222222223 0.3798611111111111 0.4673611111111111
5 0.6482638888888889 0.5267361111111111 0.3798611111111111 0.4673611111111111
3 0.44479166666666664 0.6010416666666667 0.22708333333333333 0.3159722222222222
4 0.2815972222222222 0.6385416666666667 0.31319444444444444 0.5465277777777777
1 0.28506944444444443 0.45243055555555556 0.46458333333333335 0.5465277777777777
2 0.7378472222222222 0.5246527777777777 0.4479166666666667 0.4965277777777778
5 0.509375 0.5329861111111112 0.3798611111111111 0.4673611111111111
