4 0.29756944444444444 0.4253472222222222 0.30625 0.3215277777777778
3 0.465625 0.49201388888888886 0.22013888888888888 0.24097222222222223
2 0.5434027777777778 0.6121527777777778 0.30069444444444443 0.4076388888888889
5 0.6913194444444445 0.6704861111111111 0.3993055555555556 0.3993055555555556
2 0.5065972222222223 0.47118055555555555 0.44513888888888886 0.44513888888888886
0 0.32743055555555556 0.3 0.6034722222222222 0.6027777777777777
5 0.41354166666666664 0.3753472222222222 0.3993055555555556 0.3993055555555556
3 0.6100694444444444 0.465625 0.38263888888888886 0.38263888888888886
4 0.7524305555555556 0.5545138888888889 0.6076388888888888 0.6076388888888888
1 0.6170138888888889 0.684375 0.4756944444444444 0.4756944444444444
2 0.3482638888888889 0.3128472222222222 0.44513888888888886 0.44513888888888886
5 0.5163194444444444 0.4684027777777778 0.3993055555555556 0.3993055555555556
