3 0.5260416666666666 0.5552083333333333 0.2659722222222222 0.29791666666666666
5 0.6822916666666666 0.4322916666666667 0.4465277777777778 0.5034722222222222
2 0.3267361111111111 0.6072916666666667 0.50625 0.5409722222222222
0 0.22777777777777777 0.48993055555555554 0.47638888888888886 0.5145833333333333
3 0.49756944444444445 0.8322916666666667 0.3854166666666667 0.35347222222222224
4 0.3489583333333333 0.6704861111111111 0.6298611111111111 0.5451388888888888
5 0.44756944444444446 0.3579861111111111 0.4173611111111111 0.35347222222222224
3 0.6142361111111111 0.49618055555555557 0.3854166666666667 0.35347222222222224
4 0.728125 0.6184027777777777 0.6298611111111111 0.5451388888888888
1 0.5642361111111112 0.709375 0.4895833333333333 0.42986111111111114
2 0.4010416666666667 0.2809027777777778 0.4479166666666667 0.41180555555555554
5 0.5225694444444444 0.47465277777777776 0.4173611111111111 0.35347222222222224
