3 0.5579861111111111 0.5197916666666667 0.28402777777777777 0.22152777777777777
5 0.5815972222222222 0.32256944444444446 0.4798611111111111 0.3701388888888889
2 0.45381944444444444 0.6975694444444445 0.5034722222222222 0.4354166666666667
0 0.3003472222222222 0.6850694444444444 0.4798611111111111 0.4076388888888889
3 0.7336805555555556 0.7364583333333333 0.30069444444444443 0.36319444444444443
4 0.5142361111111111 0.7267361111111111 0.44375 0.6090277777777777
5 0.3628472222222222 0.4357638888888889 0.28402777777777777 0.40625
3 0.578125 0.415625 0.30069444444444443 0.36319444444444443
4 0.7454861111111111 0.421875 0.44375 0.6090277777777777
1 0.6934027777777778 0.6017361111111111 0.3548611111111111 0.4701388888888889
2 0.27534722222222224 0.41423611111111114 0.34930555555555554 0.4201388888888889
5 0.4982638888888889 0.465625 0.28402777777777777 0.40625
