5 0.31006944444444445 0.6510416666666666 0.27708333333333335 0.40069444444444446
3 0.43159722222222224 0.5822916666666667 0.20347222222222222 0.21319444444444444
2 0.5836805555555555 0.603125 0.24930555555555556 0.4618055555555556
3 0.36701388888888886 0.6059027777777778 0.30069444444444443 0.36319444444444443
2 0.5059027777777778 0.4954861111111111 0.5131944444444444 0.5395833333333333
0 0.715625 0.4128472222222222 0.38819444444444445 0.4201388888888889
5 0.3628472222222222 0.43506944444444445 0.44930555555555557 0.4951388888888889
3 0.578125 0.41423611111111114 0.30069444444444443 0.36319444444444443
4 0.7454861111111111 0.42118055555555556 0.44375 0.6090277777777777
1 0.6934027777777778 0.6010416666666667 0.5423611111111111 0.5840277777777778
2 0.27534722222222224 0.4128472222222222 0.5131944444444444 0.5395833333333333
5 0.4982638888888889 0.4642361111111111 0.44930555555555557 0.4951388888888889
