2 0.38298611111111114 0.5579861111111111 0.33541666666666664 0.4423611111111111
3 0.5232638888888889 0.5107638888888889 0.21458333333333332 0.22013888888888888
1 0.6961805555555556 0.3572916666666667 0.47152777777777777 0.5145833333333333
3 0.6315972222222223 0.3927083333333333 0.30069444444444443 0.36319444444444443
2 0.49270833333333336 0.503125 0.5131944444444444 0.5395833333333333
0 0.2829861111111111 0.5857638888888889 0.38819444444444445 0.4201388888888889
5 0.6357638888888889 0.5635416666666667 0.44930555555555557 0.4951388888888889
3 0.4204861111111111 0.584375 0.30069444444444443 0.36319444444444443
4 0.253125 0.5774305555555556 0.44375 0.6090277777777777
1 0.30520833333333336 0.3975694444444444 0.5423611111111111 0.5840277777777778
2 0.7232638888888889 0.5857638888888889 0.5131944444444444 0.5395833333333333
5 0.5003472222222223 0.534375 0.44930555555555557 0.4951388888888889
