5 0.6725694444444444 0.5704861111111111 0.24375 0.4173611111111111
3 0.48854166666666665 0.6083333333333333 0.14375 0.2625
2 0.28229166666666666 0.5565972222222222 0.27708333333333335 0.42569444444444443
0 0.31354166666666666 0.3003472222222222 0.4076388888888889 0.4798611111111111
3 0.2621527777777778 0.7336805555555556 0.36319444444444443 0.30069444444444443
4 0.2722222222222222 0.5142361111111111 0.6083333333333333 0.44375
5 0.5628472222222223 0.3628472222222222 0.40625 0.28402777777777777
3 0.5829861111111111 0.578125 0.36319444444444443 0.30069444444444443
4 0.5767361111111111 0.7454861111111111 0.6090277777777777 0.44375
1 0.396875 0.6934027777777778 0.4701388888888889 0.3548611111111111
2 0.584375 0.27534722222222224 0.4201388888888889 0.34930555555555554
5 0.5329861111111112 0.4982638888888889 0.40625 0.28402777777777777
