2 0.3701388888888889 0.49201388888888886 0.1375 0.4326388888888889
3 0.5149305555555556 0.5211805555555555 0.15347222222222223 0.16597222222222222
1 0.7413194444444444 0.47465277777777776 0.3034722222222222 0.4201388888888889
3 0.6670138888888889 0.4732638888888889 0.30069444444444443 0.36319444444444443
2 0.49201388888888886 0.4996527777777778 0.5131944444444444 0.5395833333333333
0 0.26840277777777777 0.46631944444444445 0.38819444444444445 0.4201388888888889
5 0.5850694444444444 0.6232638888888888 0.44930555555555557 0.4951388888888889
3 0.3885416666666667 0.5329861111111112 0.30069444444444443 0.36319444444444443
4 0.246875 0.44340277777777776 0.44375 0.6090277777777777
1 0.3815972222222222 0.3142361111111111 0.5423611111111111 0.5840277777777778
2 0.6503472222222222 0.6857638888888888 0.5131944444444444 0.5395833333333333
5 0.4829861111111111 0.5302083333333333 0.44930555555555557 0.4951388888888889
