5 0.6920138888888889 0.5628472222222223 0.33125 0.4354166666666667
3 0.5065972222222223 0.5475694444444444 0.19791666666666666 0.27291666666666664
1 0.3302083333333333 0.465625 0.41458333333333336 0.5701388888888889
0 0.7545138888888889 0.5642361111111112 0.51875 0.5340277777777778
3 0.32743055555555556 0.4482638888888889 0.4215277777777778 0.4048611111111111
4 0.4982638888888889 0.47256944444444443 0.6770833333333334 0.6326388888888889
5 0.5635416666666667 0.3628472222222222 0.4951388888888889 0.44930555555555557
3 0.5829861111111111 0.5788194444444444 0.4215277777777778 0.4048611111111111
4 0.5767361111111111 0.7454861111111111 0.6770833333333334 0.6326388888888889
1 0.396875 0.6940972222222223 0.5840277777777778 0.5423611111111111
2 0.5850694444444444 0.27534722222222224 0.5395833333333333 0.5131944444444444
5 0.5336805555555556 0.49756944444444445 0.4951388888888889 0.44930555555555557
