1 0.4552083333333333 0.2965277777777778 0.27152777777777776 0.5125
3 0.4392361111111111 0.6211805555555555 0.22708333333333333 0.1326388888888889
5 0.46284722222222224 0.7934027777777778 0.3909722222222222 0.2659722222222222
3 0.44479166666666664 0.3128472222222222 0.3840277777777778 0.3840277777777778
2 0.41423611111111114 0.478125 0.5131944444444444 0.5395833333333333
0 0.38784722222222223 0.7038194444444444 0.3715277777777778 0.36736111111111114
5 0.6496527777777777 0.4864583333333333 0.44930555555555557 0.4951388888888889
3 0.4732638888888889 0.6114583333333333 0.3840277777777778 0.3840277777777778
4 0.32534722222222223 0.6892361111111112 0.6076388888888888 0.6076388888888888
1 0.28020833333333334 0.5086805555555556 0.5423611111111111 0.5840277777777778
2 0.7364583333333333 0.46076388888888886 0.5131944444444444 0.5395833333333333
5 0.5177083333333333 0.528125 0.44930555555555557 0.4951388888888889
