5 0.3267361111111111 0.5711805555555556 0.4673611111111111 0.4673611111111111
3 0.43020833333333336 0.4149305555555556 0.28680555555555554 0.28680555555555554
2 0.6121527777777778 0.30520833333333336 0.4965277777777778 0.4965277777777778
0 0.7711805555555555 0.5086805555555556 0.47708333333333336 0.5145833333333333
3 0.5010416666666667 0.16666666666666666 0.3854166666666667 0.3527777777777778
4 0.6496527777777777 0.328125 0.6298611111111111 0.5451388888888888
5 0.5510416666666667 0.640625 0.4173611111111111 0.35347222222222224
3 0.384375 0.5024305555555556 0.3854166666666667 0.35347222222222224
4 0.2708333333333333 0.3802083333333333 0.6291666666666667 0.5451388888888888
1 0.434375 0.28923611111111114 0.4895833333333333 0.42986111111111114
2 0.5975694444444445 0.7177083333333333 0.4479166666666667 0.41180555555555554
5 0.47604166666666664 0.5239583333333333 0.4173611111111111 0.35347222222222224
