5 0.35520833333333335 0.6947916666666667 0.34652777777777777 0.41041666666666665
3 0.45590277777777777 0.596875 0.2298611111111111 0.23541666666666666
2 0.6079861111111111 0.5774305555555556 0.3423611111111111 0.45208333333333334
3 0.3996527777777778 0.6364583333333333 0.35347222222222224 0.3854166666666667
2 0.5045138888888889 0.49409722222222224 0.58125 0.59375
0 0.6857638888888888 0.359375 0.4423611111111111 0.45902777777777776
5 0.35104166666666664 0.47256944444444443 0.5145833333333333 0.5381944444444444
3 0.5538194444444444 0.396875 0.35347222222222224 0.3854166666666667
4 0.7170138888888888 0.36006944444444444 0.5451388888888888 0.6298611111111111
1 0.7135416666666666 0.546875 0.6173611111111111 0.6395833333333333
2 0.2611111111111111 0.4739583333333333 0.5805555555555556 0.59375
5 0.4892361111111111 0.465625 0.5145833333333333 0.5381944444444444
