1 0.4892361111111111 0.7072916666666667 0.3951388888888889 0.5645833333333333
3 0.5892361111111111 0.396875 0.2534722222222222 0.18680555555555556
5 0.6107638888888889 0.22465277777777778 0.4465277777777778 0.3576388888888889
0 0.5670138888888889 0.2309027777777778 0.4215277777777778 0.40208333333333335
2 0.5246527777777777 0.4642361111111111 0.5451388888888888 0.5451388888888888
5 0.4982638888888889 0.6086805555555556 0.4895833333333333 0.4895833333333333
5 0.3572916666666667 0.5503472222222222 0.4895833333333333 0.4895833333333333
3 0.4954861111111111 0.3836805555555556 0.38680555555555557 0.3548611111111111
4 0.6184027777777777 0.2701388888888889 0.6298611111111111 0.5430555555555555
1 0.7086805555555555 0.43368055555555557 0.5826388888888889 0.5826388888888889
2 0.28020833333333334 0.596875 0.5451388888888888 0.5451388888888888
5 0.4739583333333333 0.4753472222222222 0.4895833333333333 0.4895833333333333
