1 0.3454861111111111 0.6392361111111111 0.5798611111111112 0.4909722222222222
3 0.6350694444444445 0.490625 0.22847222222222222 0.26319444444444445
5 0.771875 0.3836805555555556 0.42569444444444443 0.47152777777777777
0 0.7371527777777778 0.3572916666666667 0.4548611111111111 0.46458333333333335
2 0.5420138888888889 0.49201388888888886 0.6076388888888888 0.6076388888888888
5 0.4204861111111111 0.5760416666666667 0.5451388888888888 0.5451388888888888
5 0.3628472222222222 0.43506944444444445 0.5451388888888888 0.5451388888888888
3 0.578125 0.4149305555555556 0.4048611111111111 0.4215277777777778
4 0.7461805555555555 0.42118055555555556 0.6326388888888889 0.6770833333333334
1 0.6940972222222223 0.6010416666666667 0.6493055555555556 0.6493055555555556
2 0.27569444444444446 0.41354166666666664 0.6069444444444444 0.6076388888888888
5 0.4982638888888889 0.4642361111111111 0.5451388888888888 0.5451388888888888
