1 0.30451388888888886 0.4982638888888889 0.3854166666666667 0.46597222222222223
3 0.5184027777777778 0.5107638888888889 0.15763888888888888 0.18263888888888888
2 0.6170138888888889 0.5774305555555556 0.21875 0.40208333333333335
2 0.5739583333333333 0.4864583333333333 0.5131944444444444 0.5395833333333333
3 0.3642361111111111 0.47118055555555555 0.2798611111111111 0.32569444444444445
5 0.6864583333333333 0.596875 0.44930555555555557 0.4951388888888889
5 0.41354166666666664 0.3746527777777778 0.44930555555555557 0.4951388888888889
3 0.6100694444444444 0.465625 0.2798611111111111 0.32569444444444445
4 0.7517361111111112 0.5552083333333333 0.41875 0.5395833333333333
1 0.6177083333333333 0.684375 0.5423611111111111 0.5840277777777778
2 0.3482638888888889 0.3121527777777778 0.5131944444444444 0.5395833333333333
5 0.515625 0.4684027777777778 0.44930555555555557 0.4951388888888889
