1 0.3315972222222222 0.4010416666666667 0.4909722222222222 0.4909722222222222
3 0.5100694444444445 0.5184027777777778 0.19652777777777777 0.19652777777777777
2 0.5621527777777777 0.6260416666666667 0.3590277777777778 0.3590277777777778
2 0.5704861111111111 0.5253472222222222 0.5395833333333333 0.5131944444444444
3 0.396875 0.40729166666666666 0.32569444444444445 0.2798611111111111
5 0.6121527777777778 0.6774305555555555 0.4951388888888889 0.44930555555555557
5 0.48715277777777777 0.3489583333333333 0.4951388888888889 0.44930555555555557
3 0.6114583333333333 0.5253472222222222 0.32569444444444445 0.2798611111111111
4 0.6899305555555556 0.6739583333333333 0.5395833333333333 0.41875
1 0.509375 0.7184027777777777 0.5840277777777778 0.5423611111111111
2 0.4621527777777778 0.2621527777777778 0.5395833333333333 0.5131944444444444
5 0.5288194444444444 0.4809027777777778 0.4951388888888889 0.44930555555555557
