1 0.29131944444444446 0.4892361111111111 0.5645833333333333 0.3951388888888889
3 0.6017361111111111 0.5892361111111111 0.18680555555555556 0.2534722222222222
5 0.7739583333333333 0.6107638888888889 0.3576388888888889 0.4465277777777778
3 0.30520833333333336 0.5038194444444445 0.4284722222222222 0.4284722222222222
2 0.4565972222222222 0.5753472222222222 0.59375 0.58125
0 0.6684027777777778 0.6600694444444445 0.41041666666666665 0.4131944444444444
5 0.5260416666666666 0.35104166666666664 0.5381944444444444 0.5145833333333333
3 0.6010416666666667 0.553125 0.4284722222222222 0.4284722222222222
4 0.6378472222222222 0.7170138888888888 0.6784722222222223 0.6784722222222223
1 0.4517361111111111 0.7135416666666666 0.6395833333333333 0.6173611111111111
2 0.5239583333333333 0.2611111111111111 0.59375 0.5805555555555556
5 0.5322916666666667 0.4892361111111111 0.5381944444444444 0.5145833333333333
