1 0.6684027777777778 0.403125 0.3854166666666667 0.46597222222222223
3 0.47673611111111114 0.49895833333333334 0.15763888888888888 0.18263888888888888
2 0.3579861111111111 0.490625 0.21875 0.40208333333333335
2 0.44131944444444443 0.5475694444444444 0.3506944444444444 0.4201388888888889
3 0.6302083333333334 0.45590277777777777 0.15902777777777777 0.28402777777777777
5 0.28854166666666664 0.5086805555555556 0.28402777777777777 0.4076388888888889
5 0.6357638888888889 0.5642361111111112 0.28402777777777777 0.4076388888888889
3 0.4204861111111111 0.5836805555555555 0.15902777777777777 0.28402777777777777
4 0.2534722222222222 0.5774305555555556 0.18611111111111112 0.5159722222222223
1 0.30451388888888886 0.39826388888888886 0.3548611111111111 0.4701388888888889
2 0.7232638888888889 0.5857638888888889 0.3506944444444444 0.4201388888888889
5 0.5003472222222223 0.534375 0.28402777777777777 0.4076388888888889
