1 0.509375 0.29131944444444446 0.3951388888888889 0.5645833333333333
3 0.409375 0.6017361111111111 0.2534722222222222 0.18680555555555556
5 0.38784722222222223 0.7739583333333333 0.4465277777777778 0.3576388888888889
3 0.4947916666666667 0.30520833333333336 0.4284722222222222 0.4284722222222222
2 0.4232638888888889 0.4565972222222222 0.58125 0.59375
0 0.3385416666666667 0.6684027777777778 0.4131944444444444 0.41041666666666665
5 0.6475694444444444 0.5260416666666666 0.5145833333333333 0.5381944444444444
3 0.44548611111111114 0.6010416666666667 0.4284722222222222 0.4284722222222222
4 0.28194444444444444 0.6378472222222222 0.6777777777777778 0.6784722222222223
1 0.28541666666666665 0.4517361111111111 0.6166666666666667 0.6395833333333333
2 0.7378472222222222 0.5239583333333333 0.58125 0.59375
5 0.509375 0.5322916666666667 0.5145833333333333 0.5381944444444444
