4 0.7135416666666666 0.5184027777777778 0.2673611111111111 0.2951388888888889
3 0.5336805555555556 0.4982638888888889 0.18680555555555556 0.22708333333333333
2 0.42743055555555554 0.4017361111111111 0.21458333333333332 0.4201388888888889
5 0.2690972222222222 0.3836805555555556 0.35347222222222224 0.4173611111111111
2 0.4996527777777778 0.528125 0.41180555555555554 0.4479166666666667
0 0.7170138888888888 0.6475694444444444 0.5006944444444444 0.6659722222222222
5 0.6142361111111111 0.596875 0.35347222222222224 0.4173611111111111
3 0.4010416666666667 0.5607638888888888 0.35347222222222224 0.3854166666666667
4 0.24097222222222223 0.5114583333333333 0.5444444444444444 0.6298611111111111
1 0.33784722222222224 0.35104166666666664 0.42986111111111114 0.4895833333333333
2 0.6934027777777778 0.640625 0.41180555555555554 0.4479166666666667
5 0.4913194444444444 0.5336805555555556 0.35347222222222224 0.4173611111111111
