2 0.428125 0.6079861111111111 0.4423611111111111 0.33541666666666664
3 0.5260416666666666 0.496875 0.22013888888888888 0.21458333333333332
1 0.5989583333333334 0.27743055555555557 0.5145833333333333 0.47152777777777777
3 0.5600694444444444 0.34131944444444445 0.38263888888888886 0.38263888888888886
2 0.4954861111111111 0.5059027777777778 0.6076388888888888 0.6076388888888888
0 0.35520833333333335 0.6829861111111111 0.46597222222222223 0.46597222222222223
5 0.6496527777777777 0.48715277777777777 0.5451388888888888 0.5451388888888888
3 0.4732638888888889 0.6121527777777778 0.38263888888888886 0.38263888888888886
4 0.3246527777777778 0.6899305555555556 0.6076388888888888 0.6076388888888888
1 0.28055555555555556 0.5086805555555556 0.65 0.6506944444444445
2 0.7364583333333333 0.4621527777777778 0.6076388888888888 0.6076388888888888
5 0.5177083333333333 0.5295138888888888 0.5451388888888888 0.5451388888888888
