2 0.6079861111111111 0.5704861111111111 0.33541666666666664 0.4423611111111111
3 0.496875 0.47256944444444443 0.21458333333333332 0.22013888888888888
1 0.27743055555555557 0.3996527777777778 0.47152777777777777 0.5145833333333333
3 0.34131944444444445 0.43854166666666666 0.38263888888888886 0.38263888888888886
2 0.5059027777777778 0.503125 0.6076388888888888 0.6076388888888888
0 0.6829861111111111 0.6434027777777778 0.46597222222222223 0.46597222222222223
5 0.48715277777777777 0.3489583333333333 0.5451388888888888 0.5451388888888888
3 0.6121527777777778 0.5253472222222222 0.38263888888888886 0.38263888888888886
4 0.6899305555555556 0.6739583333333333 0.6076388888888888 0.6076388888888888
1 0.5086805555555556 0.7184027777777777 0.6506944444444445 0.6506944444444445
2 0.4621527777777778 0.2625 0.6076388888888888 0.6069444444444444
5 0.5295138888888888 0.4809027777777778 0.5451388888888888 0.5451388888888888
