1 0.4982638888888889 0.6940972222222223 0.46597222222222223 0.3854166666666667
3 0.5107638888888889 0.48020833333333335 0.18263888888888888 0.15763888888888888
2 0.5774305555555556 0.3815972222222222 0.40208333333333335 0.21875
5 0.5517361111111111 0.24756944444444445 0.40625 0.28402777777777777
2 0.47118055555555555 0.5065972222222223 0.4201388888888889 0.34930555555555554
0 0.4128472222222222 0.7475694444444444 0.6826388888888889 0.36319444444444443
5 0.434375 0.6357638888888889 0.40625 0.28402777777777777
3 0.41423611111111114 0.4197916666666667 0.36319444444444443 0.30069444444444443
4 0.4204861111111111 0.253125 0.6090277777777777 0.44375
1 0.6010416666666667 0.30451388888888886 0.4701388888888889 0.3548611111111111
2 0.4128472222222222 0.7232638888888889 0.4201388888888889 0.34930555555555554
5 0.4642361111111111 0.5003472222222223 0.40625 0.28402777777777777
