2 0.45868055555555554 0.6225694444444444 0.4534722222222222 0.24513888888888888
3 0.5246527777777777 0.48993055555555554 0.19930555555555557 0.1909722222222222
1 0.5378472222222223 0.259375 0.4840277777777778 0.40069444444444446
3 0.5170138888888889 0.33090277777777777 0.3854166666666667 0.35347222222222224
2 0.49756944444444445 0.5065972222222223 0.59375 0.58125
0 0.40729166666666666 0.7135416666666666 0.45902777777777776 0.4423611111111111
5 0.6413194444444444 0.4482638888888889 0.5381944444444444 0.5145833333333333
3 0.503125 0.6149305555555555 0.3854166666666667 0.35347222222222224
4 0.3802083333333333 0.728125 0.6298611111111111 0.5451388888888888
1 0.2902777777777778 0.5649305555555556 0.6388888888888888 0.6173611111111111
2 0.7184027777777777 0.4017361111111111 0.59375 0.58125
5 0.5253472222222222 0.5232638888888889 0.5381944444444444 0.5145833333333333
