1 0.5003472222222223 0.30451388888888886 0.46597222222222223 0.3854166666666667
3 0.4878472222222222 0.5184027777777778 0.18263888888888888 0.15763888888888888
2 0.42118055555555556 0.6170138888888889 0.40208333333333335 0.21875
2 0.5121527777777778 0.5739583333333333 0.5395833333333333 0.5131944444444444
3 0.5274305555555555 0.3642361111111111 0.32569444444444445 0.2798611111111111
5 0.4017361111111111 0.6864583333333333 0.4951388888888889 0.44930555555555557
5 0.6239583333333333 0.41354166666666664 0.4951388888888889 0.44930555555555557
3 0.5329861111111112 0.6100694444444444 0.32569444444444445 0.2798611111111111
4 0.44340277777777776 0.7517361111111112 0.5395833333333333 0.41875
1 0.3142361111111111 0.6177083333333333 0.5840277777777778 0.5423611111111111
2 0.6864583333333333 0.3482638888888889 0.5395833333333333 0.5131944444444444
5 0.5302083333333333 0.515625 0.4951388888888889 0.44930555555555557
