1 0.6871527777777777 0.5510416666666667 0.4534722222222222 0.4951388888888889
3 0.48368055555555556 0.48368055555555556 0.18263888888888888 0.19652777777777777
2 0.4059027777777778 0.39340277777777777 0.29930555555555555 0.39375
2 0.4239583333333333 0.49270833333333336 0.5451388888888888 0.5451388888888888
3 0.6225694444444444 0.5614583333333333 0.31319444444444444 0.31319444444444444
5 0.3440972222222222 0.35659722222222223 0.4895833333333333 0.4895833333333333
5 0.5496527777777778 0.6420138888888889 0.4895833333333333 0.4895833333333333
3 0.3836805555555556 0.503125 0.31319444444444444 0.31319444444444444
4 0.26979166666666665 0.3802083333333333 0.4965277777777778 0.4965277777777778
1 0.4329861111111111 0.2902777777777778 0.5840277777777778 0.5833333333333334
2 0.596875 0.7190972222222223 0.5451388888888888 0.5451388888888888
5 0.4753472222222222 0.5246527777777777 0.4895833333333333 0.4895833333333333
