1 0.6871527777777777 0.45034722222222223 0.29097222222222224 0.4048611111111111
3 0.4774305555555556 0.4934027777777778 0.12013888888888889 0.15763888888888888
2 0.36493055555555554 0.4545138888888889 0.12291666666666666 0.3840277777777778
2 0.4309027777777778 0.5315972222222223 0.4479166666666667 0.4965277777777778
3 0.6371527777777778 0.4913194444444444 0.22708333333333333 0.3159722222222222
5 0.2934027777777778 0.45381944444444444 0.3798611111111111 0.4673611111111111
5 0.6142361111111111 0.5975694444444445 0.3798611111111111 0.4673611111111111
3 0.4010416666666667 0.5600694444444444 0.22708333333333333 0.3159722222222222
4 0.240625 0.5107638888888889 0.31319444444444444 0.5465277777777777
1 0.3371527777777778 0.35104166666666664 0.46458333333333335 0.5465277777777777
2 0.6934027777777778 0.640625 0.4479166666666667 0.4965277777777778
5 0.4913194444444444 0.5336805555555556 0.3798611111111111 0.4673611111111111
