4 0.3614583333333333 0.334375 0.3215277777777778 0.30625
3 0.4739583333333333 0.47604166666666664 0.24097222222222223 0.22013888888888888
2 0.4809027777777778 0.6190972222222222 0.4076388888888889 0.30069444444444443
5 0.5802083333333333 0.7440972222222222 0.40625 0.28402777777777777
2 0.5197916666666667 0.47881944444444446 0.4201388888888889 0.34930555555555554
0 0.45034722222222223 0.240625 0.6826388888888889 0.36319444444444443
5 0.48715277777777777 0.3489583333333333 0.40625 0.28402777777777777
3 0.6121527777777778 0.5253472222222222 0.36319444444444443 0.30069444444444443
4 0.690625 0.6732638888888889 0.6090277777777777 0.44375
1 0.5086805555555556 0.7184027777777777 0.4701388888888889 0.3548611111111111
2 0.4621527777777778 0.2621527777777778 0.4201388888888889 0.34930555555555554
5 0.5295138888888888 0.4809027777777778 0.40625 0.28402777777777777
