5 0.5260416666666666 0.25798611111111114 0.41041666666666665 0.34652777777777777
3 0.48854166666666665 0.3927083333333333 0.23541666666666666 0.2298611111111111
2 0.3663194444444444 0.4857638888888889 0.45208333333333334 0.3423611111111111
0 0.30659722222222224 0.6982638888888889 0.4756944444444444 0.4756944444444444
2 0.4600694444444444 0.5170138888888889 0.6298611111111111 0.6298611111111111
5 0.5552083333333333 0.40520833333333334 0.5645833333333333 0.5645833333333333
5 0.6475694444444444 0.5260416666666666 0.5645833333333333 0.5645833333333333
3 0.44479166666666664 0.6017361111111111 0.4284722222222222 0.4284722222222222
4 0.28194444444444444 0.6385416666666667 0.6763888888888889 0.6770833333333334
1 0.28541666666666665 0.4517361111111111 0.6722222222222223 0.6729166666666667
2 0.7378472222222222 0.5246527777777777 0.6298611111111111 0.6298611111111111
5 0.509375 0.5329861111111112 0.5645833333333333 0.5645833333333333
