5 0.3503472222222222 0.3857638888888889 0.3423611111111111 0.46597222222222223
3 0.5371527777777778 0.396875 0.20625 0.29097222222222224
2 0.7239583333333334 0.5003472222222223 0.3770833333333333 0.4826388888888889
0 0.6267361111111112 0.7399305555555555 0.47708333333333336 0.5145833333333333
3 0.7885416666666667 0.334375 0.3854166666666667 0.35347222222222224
4 0.7225694444444445 0.5440972222222222 0.6298611111111111 0.5451388888888888
5 0.40243055555555557 0.6149305555555555 0.4173611111111111 0.35347222222222224
3 0.4392361111111111 0.4017361111111111 0.3854166666666667 0.35347222222222224
4 0.4878472222222222 0.24166666666666667 0.6298611111111111 0.5444444444444444
1 0.6489583333333333 0.3385416666666667 0.4895833333333333 0.42986111111111114
2 0.359375 0.6940972222222223 0.4479166666666667 0.41180555555555554
5 0.46631944444444445 0.49201388888888886 0.4173611111111111 0.35347222222222224
